  2.000000000000000E-003  2.000000000000000E-003 -0.205583061292056     
  2.000000000000000E-003  0.298270416666667      -0.215913712602981     
  2.000000000000000E-003  0.594540833333333      -0.220449286729057     
  2.000000000000000E-003  0.890811250000000      -0.220444908570125     
  2.000000000000000E-003   1.18708166666667      -0.219140057360820     
  2.000000000000000E-003   1.48335208333333      -0.217459103364523     
  2.000000000000000E-003   1.77962250000000      -0.215468241401313     
  2.000000000000000E-003   2.07589291666667      -0.213035986933459     
  2.000000000000000E-003   2.37216333333333      -0.209998679378960     
  2.000000000000000E-003   2.66843375000000      -0.206251225926058     
  2.000000000000000E-003   2.96470416666667      -0.201607469767715     
  2.000000000000000E-003   3.26097458333333      -0.196009042386278     
  2.000000000000000E-003   3.55724500000000      -0.189511831110883     
  2.000000000000000E-003   3.85351541666667      -0.182282832752323     
  2.000000000000000E-003   4.14978583333333      -0.174596305589183     
  2.000000000000000E-003   4.44605625000000      -0.166780387412860     
  2.000000000000000E-003   4.74232666666667      -0.159149317268067     
  2.000000000000000E-003   5.03859708333333      -0.151954979264637     
  2.000000000000000E-003   5.33486750000000      -0.145372291808678     
  2.000000000000000E-003   5.63113791666667      -0.139524747594177     
  2.000000000000000E-003   5.92740833333333      -0.134480996063720     
  2.000000000000000E-003   6.22367875000000      -0.130137878217560     
  2.000000000000000E-003   6.51994916666667      -0.125809770496836     
  2.000000000000000E-003   6.81621958333333      -0.119563027972635     
  2.000000000000000E-003   7.11249000000000      -0.111991318804742     
  0.298270416666667       2.000000000000000E-003 -0.224332692110405     
  0.298270416666667       0.298270416666667      -0.227156234413838     
  0.298270416666667       0.594540833333333      -0.231401056301964     
  0.298270416666667       0.890811250000000      -0.234634919429228     
  0.298270416666667        1.18708166666667      -0.235968255722830     
  0.298270416666667        1.48335208333333      -0.235988298507585     
  0.298270416666667        1.77962250000000      -0.234947168387758     
  0.298270416666667        2.07589291666667      -0.232864546326865     
  0.298270416666667        2.37216333333333      -0.229695711402372     
  0.298270416666667        2.66843375000000      -0.225335238904564     
  0.298270416666667        2.96470416666667      -0.219669157132035     
  0.298270416666667        3.26097458333333      -0.212742036861328     
  0.298270416666667        3.55724500000000      -0.204735276861448     
  0.298270416666667        3.85351541666667      -0.195944893141715     
  0.298270416666667        4.14978583333333      -0.186748139753489     
  0.298270416666667        4.44605625000000      -0.177535163035360     
  0.298270416666667        4.74232666666667      -0.168641505687681     
  0.298270416666667        5.03859708333333      -0.160310886761187     
  0.298270416666667        5.33486750000000      -0.152628457480560     
  0.298270416666667        5.63113791666667      -0.145663127941004     
  0.298270416666667        5.92740833333333      -0.139465719902035     
  0.298270416666667        6.22367875000000      -0.133952694330378     
  0.298270416666667        6.51994916666667      -0.128692154061885     
  0.298270416666667        6.81621958333333      -0.122579157808505     
  0.298270416666667        7.11249000000000      -0.114522104905637     
  0.594540833333333       2.000000000000000E-003 -0.239904828813226     
  0.594540833333333       0.298270416666667      -0.245072387965463     
  0.594540833333333       0.594540833333333      -0.247262691193373     
  0.594540833333333       0.890811250000000      -0.251491152093248     
  0.594540833333333        1.18708166666667      -0.255177803911093     
  0.594540833333333        1.48335208333333      -0.257165526253146     
  0.594540833333333        1.77962250000000      -0.257308834060864     
  0.594540833333333        2.07589291666667      -0.255676137225683     
  0.594540833333333        2.37216333333333      -0.252316838304726     
  0.594540833333333        2.66843375000000      -0.247151690365697     
  0.594540833333333        2.96470416666667      -0.240171756690968     
  0.594540833333333        3.26097458333333      -0.231558849848458     
  0.594540833333333        3.55724500000000      -0.221656196367706     
  0.594540833333333        3.85351541666667      -0.210931963981206     
  0.594540833333333        4.14978583333333      -0.199904175382488     
  0.594540833333333        4.44605625000000      -0.189038565227299     
  0.594540833333333        4.74232666666667      -0.178677152913558     
  0.594540833333333        5.03859708333333      -0.169033016839554     
  0.594540833333333        5.33486750000000      -0.160123555846366     
  0.594540833333333        5.63113791666667      -0.151963008520258     
  0.594540833333333        5.92740833333333      -0.144652051261725     
  0.594540833333333        6.22367875000000      -0.138212881200799     
  0.594540833333333        6.51994916666667      -0.132233505463335     
  0.594540833333333        6.81621958333333      -0.125003410465514     
  0.594540833333333        7.11249000000000      -0.115684260390353     
  0.890811250000000       2.000000000000000E-003 -0.252989034300063     
  0.890811250000000       0.298270416666667      -0.262172403575423     
  0.890811250000000       0.594540833333333      -0.267720289129250     
  0.890811250000000       0.890811250000000      -0.273567159233757     
  0.890811250000000        1.18708166666667      -0.279023036246039     
  0.890811250000000        1.48335208333333      -0.282643016412077     
  0.890811250000000        1.77962250000000      -0.283805112446821     
  0.890811250000000        2.07589291666667      -0.282480415897223     
  0.890811250000000        2.37216333333333      -0.278707951357529     
  0.890811250000000        2.66843375000000      -0.272420151514828     
  0.890811250000000        2.96470416666667      -0.263746898850195     
  0.890811250000000        3.26097458333333      -0.253015871225928     
  0.890811250000000        3.55724500000000      -0.240744772210328     
  0.890811250000000        3.85351541666667      -0.227620467161193     
  0.890811250000000        4.14978583333333      -0.214366705602936     
  0.890811250000000        4.44605625000000      -0.201551959461509     
  0.890811250000000        4.74232666666667      -0.189494419589822     
  0.890811250000000        5.03859708333333      -0.178318277214950     
  0.890811250000000        5.33486750000000      -0.168016090722536     
  0.890811250000000        5.63113791666667      -0.158522278794563     
  0.890811250000000        5.92740833333333      -0.149965733502894     
  0.890811250000000        6.22367875000000      -0.142369666169642     
  0.890811250000000        6.51994916666667      -0.135241788436349     
  0.890811250000000        6.81621958333333      -0.127386527734912     
  0.890811250000000        7.11249000000000      -0.118925191723452     
   1.18708166666667       2.000000000000000E-003 -0.266519893638316     
   1.18708166666667       0.298270416666667      -0.279741080944269     
   1.18708166666667       0.594540833333333      -0.290400622219825     
   1.18708166666667       0.890811250000000      -0.299909194738261     
   1.18708166666667        1.18708166666667      -0.307937547306392     
   1.18708166666667        1.48335208333333      -0.313381620042741     
   1.18708166666667        1.77962250000000      -0.315588378676734     
   1.18708166666667        2.07589291666667      -0.314480240560398     
   1.18708166666667        2.37216333333333      -0.310001756897402     
   1.18708166666667        2.66843375000000      -0.302200914051187     
   1.18708166666667        2.96470416666667      -0.291388951711862     
   1.18708166666667        3.26097458333333      -0.278010348123005     
   1.18708166666667        3.55724500000000      -0.262722597285224     
   1.18708166666667        3.85351541666667      -0.246517835006013     
   1.18708166666667        4.14978583333333      -0.230490820493702     
   1.18708166666667        4.44605625000000      -0.215373825177773     
   1.18708166666667        4.74232666666667      -0.201381235690170     
   1.18708166666667        5.03859708333333      -0.188442525562821     
   1.18708166666667        5.33486750000000      -0.176475894870105     
   1.18708166666667        5.63113791666667      -0.165411499390490     
   1.18708166666667        5.92740833333333      -0.155371052728950     
   1.18708166666667        6.22367875000000      -0.146423353517476     
   1.18708166666667        6.51994916666667      -0.138245126487231     
   1.18708166666667        6.81621958333333      -0.130214328477507     
   1.18708166666667        7.11249000000000      -0.122346520709230     
   1.48335208333333       2.000000000000000E-003 -0.281584196493901     
   1.48335208333333       0.298270416666667      -0.299317229905198     
   1.48335208333333       0.594540833333333      -0.315596557931239     
   1.48335208333333       0.890811250000000      -0.330131450974325     
   1.48335208333333        1.18708166666667      -0.341965211353735     
   1.48335208333333        1.48335208333333      -0.350045692247686     
   1.48335208333333        1.77962250000000      -0.353862419078605     
   1.48335208333333        2.07589291666667      -0.353159799100119     
   1.48335208333333        2.37216333333333      -0.347786276251252     
   1.48335208333333        2.66843375000000      -0.338081369698861     
   1.48335208333333        2.96470416666667      -0.324644272313539     
   1.48335208333333        3.26097458333333      -0.307883371012364     
   1.48335208333333        3.55724500000000      -0.288633216142778     
   1.48335208333333        3.85351541666667      -0.268256691932828     
   1.48335208333333        4.14978583333333      -0.248532376335231     
   1.48335208333333        4.44605625000000      -0.230734125193011     
   1.48335208333333        4.74232666666667      -0.214629308677256     
   1.48335208333333        5.03859708333333      -0.199701420519856     
   1.48335208333333        5.33486750000000      -0.185721085735904     
   1.48335208333333        5.63113791666667      -0.172752934848464     
   1.48335208333333        5.92740833333333      -0.160962712230763     
   1.48335208333333        6.22367875000000      -0.150541303442179     
   1.48335208333333        6.51994916666667      -0.141356573180635     
   1.48335208333333        6.81621958333333      -0.133010582155267     
   1.48335208333333        7.11249000000000      -0.125231216032271     
   1.77962250000000       2.000000000000000E-003 -0.298368406051827     
   1.77962250000000       0.298270416666667      -0.321312695102060     
   1.77962250000000       0.594540833333333      -0.343795111275788     
   1.77962250000000       0.890811250000000      -0.364349258541387     
   1.77962250000000        1.18708166666667      -0.381331130540459     
   1.77962250000000        1.48335208333333      -0.393503666275095     
   1.77962250000000        1.77962250000000      -0.400182600934709     
   1.77962250000000        2.07589291666667      -0.400664373692366     
   1.77962250000000        2.37216333333333      -0.394530376857013     
   1.77962250000000        2.66843375000000      -0.381880800019940     
   1.77962250000000        2.96470416666667      -0.364424983153216     
   1.77962250000000        3.26097458333333      -0.343577926899281     
   1.77962250000000        3.55724500000000      -0.319898787542719     
   1.77962250000000        3.85351541666667      -0.294603187453166     
   1.77962250000000        4.14978583333333      -0.270189090470455     
   1.77962250000000        4.44605625000000      -0.248554418249363     
   1.77962250000000        4.74232666666667      -0.229686203380777     
   1.77962250000000        5.03859708333333      -0.212456601255954     
   1.77962250000000        5.33486750000000      -0.196017430606027     
   1.77962250000000        5.63113791666667      -0.180653528191385     
   1.77962250000000        5.92740833333333      -0.166795266540100     
   1.77962250000000        6.22367875000000      -0.154736547178782     
   1.77962250000000        6.51994916666667      -0.144461956278234     
   1.77962250000000        6.81621958333333      -0.135597446715293     
   1.77962250000000        7.11249000000000      -0.127636407189632     
   2.07589291666667       2.000000000000000E-003 -0.316620405359003     
   2.07589291666667       0.298270416666667      -0.345430978182064     
   2.07589291666667       0.594540833333333      -0.374868104093501     
   2.07589291666667       0.890811250000000      -0.402488105472003     
   2.07589291666667        1.18708166666667      -0.426184543414354     
   2.07589291666667        1.48335208333333      -0.444452801032865     
   2.07589291666667        1.77962250000000      -0.456423370347829     
   2.07589291666667        2.07589291666667      -0.460343305026392     
   2.07589291666667        2.37216333333333      -0.452717174628831     
   2.07589291666667        2.66843375000000      -0.435300593686323     
   2.07589291666667        2.96470416666667      -0.412435906775571     
   2.07589291666667        3.26097458333333      -0.387208820106893     
   2.07589291666667        3.55724500000000      -0.358900418892610     
   2.07589291666667        3.85351541666667      -0.327470860873235     
   2.07589291666667        4.14978583333333      -0.297123731051858     
   2.07589291666667        4.44605625000000      -0.271054812069290     
   2.07589291666667        4.74232666666667      -0.248429246616200     
   2.07589291666667        5.03859708333333      -0.227419239295521     
   2.07589291666667        5.33486750000000      -0.207564659971453     
   2.07589291666667        5.63113791666667      -0.189167206630352     
   2.07589291666667        5.92740833333333      -0.172818449589894     
   2.07589291666667        6.22367875000000      -0.158906817586226     
   2.07589291666667        6.51994916666667      -0.147425573825329     
   2.07589291666667        6.81621958333333      -0.137921539743870     
   2.07589291666667        7.11249000000000      -0.129674906476717     
   2.37216333333333       2.000000000000000E-003 -0.335819388179982     
   2.37216333333333       0.298270416666667      -0.371108102479528     
   2.37216333333333       0.594540833333333      -0.408017253409811     
   2.37216333333333       0.890811250000000      -0.443529361905304     
   2.37216333333333        1.18708166666667      -0.475220637222741     
   2.37216333333333        1.48335208333333      -0.502342107437225     
   2.37216333333333        1.77962250000000      -0.524766290682090     
   2.37216333333333        2.07589291666667      -0.533573113646707     
   2.37216333333333        2.37216333333333      -0.524666467849812     
   2.37216333333333        2.66843375000000      -0.500926046077503     
   2.37216333333333        2.96470416666667      -0.470503838298258     
   2.37216333333333        3.26097458333333      -0.441058341383925     
   2.37216333333333        3.55724500000000      -0.408538128049012     
   2.37216333333333        3.85351541666667      -0.368489671645780     
   2.37216333333333        4.14978583333333      -0.330522352711141     
   2.37216333333333        4.44605625000000      -0.300108110698747     
   2.37216333333333        4.74232666666667      -0.272878506677828     
   2.37216333333333        5.03859708333333      -0.245980677399054     
   2.37216333333333        5.33486750000000      -0.220443523305949     
   2.37216333333333        5.63113791666667      -0.198077884173140     
   2.37216333333333        5.92740833333333      -0.178844339112599     
   2.37216333333333        6.22367875000000      -0.162900714889079     
   2.37216333333333        6.51994916666667      -0.150131785605479     
   2.37216333333333        6.81621958333333      -0.139938001983700     
   2.37216333333333        7.11249000000000      -0.131393049100000     
   2.66843375000000       2.000000000000000E-003 -0.354696230768052     
   2.66843375000000       0.298270416666667      -0.396328212977495     
   2.66843375000000       0.594540833333333      -0.440440755635997     
   2.66843375000000       0.890811250000000      -0.483754974704243     
   2.66843375000000        1.18708166666667      -0.524593129789921     
   2.66843375000000        1.48335208333333      -0.564714367652630     
   2.66843375000000        1.77962250000000      -0.601058346827851     
   2.66843375000000        2.07589291666667      -0.618171243228818     
   2.66843375000000        2.37216333333333      -0.611384911339177     
   2.66843375000000        2.66843375000000      -0.581074829888908     
   2.66843375000000        2.96470416666667      -0.538782548354253     
   2.66843375000000        3.26097458333333      -0.504743987466971     
   2.66843375000000        3.55724500000000      -0.470661664460669     
   2.66843375000000        3.85351541666667      -0.417974408753590     
   2.66843375000000        4.14978583333333      -0.373152494508263     
   2.66843375000000        4.44605625000000      -0.340542467237364     
   2.66843375000000        4.74232666666667      -0.306234754467749     
   2.66843375000000        5.03859708333333      -0.269269980066786     
   2.66843375000000        5.33486750000000      -0.234777497946360     
   2.66843375000000        5.63113791666667      -0.206773572211796     
   2.66843375000000        5.92740833333333      -0.184477185471027     
   2.66843375000000        6.22367875000000      -0.166502229543061     
   2.66843375000000        6.51994916666667      -0.152479026820252     
   2.66843375000000        6.81621958333333      -0.141630172974850     
   2.66843375000000        7.11249000000000      -0.132821059154912     
   2.96470416666667       2.000000000000000E-003 -0.370595238888243     
   2.96470416666667       0.298270416666667      -0.417583315810499     
   2.96470416666667       0.594540833333333      -0.467800696551118     
   2.96470416666667       0.890811250000000      -0.518131274699075     
   2.96470416666667        1.18708166666667      -0.568478907605519     
   2.96470416666667        1.48335208333333      -0.624996935934851     
   2.96470416666667        1.77962250000000      -0.674938841035962     
   2.96470416666667        2.07589291666667      -0.704903778073204     
   2.96470416666667        2.37216333333333      -0.708103811628018     
   2.96470416666667        2.66843375000000      -0.677117552038609     
   2.96470416666667        2.96470416666667      -0.618108324751017     
   2.96470416666667        3.26097458333333      -0.570095222589768     
   2.96470416666667        3.55724500000000      -0.538672666553547     
   2.96470416666667        3.85351541666667      -0.474562127379445     
   2.96470416666667        4.14978583333333      -0.437144125732255     
   2.96470416666667        4.44605625000000      -0.402616309510938     
   2.96470416666667        4.74232666666667      -0.351407093240194     
   2.96470416666667        5.03859708333333      -0.296706296167221     
   2.96470416666667        5.33486750000000      -0.249604056846728     
   2.96470416666667        5.63113791666667      -0.214215837536661     
   2.96470416666667        5.92740833333333      -0.189138459734466     
   2.96470416666667        6.22367875000000      -0.169415840897971     
   2.96470416666667        6.51994916666667      -0.154332400801686     
   2.96470416666667        6.81621958333333      -0.142935618841819     
   2.96470416666667        7.11249000000000      -0.133913944559595     
   3.26097458333333       2.000000000000000E-003 -0.381226435175061     
   3.26097458333333       0.298270416666667      -0.431791198442707     
   3.26097458333333       0.594540833333333      -0.486134941046812     
   3.26097458333333       0.890811250000000      -0.541495575023357     
   3.26097458333333        1.18708166666667      -0.599486676327470     
   3.26097458333333        1.48335208333333      -0.668440116399464     
   3.26097458333333        1.77962250000000      -0.730977112430310     
   3.26097458333333        2.07589291666667      -0.774875967508900     
   3.26097458333333        2.37216333333333      -0.794245164915982     
   3.26097458333333        2.66843375000000      -0.777912651795757     
   3.26097458333333        2.96470416666667      -0.719094705429587     
   3.26097458333333        3.26097458333333      -0.638057543161687     
   3.26097458333333        3.55724500000000      -0.584437685537236     
   3.26097458333333        3.85351541666667      -0.556850900507183     
   3.26097458333333        4.14978583333333      -0.549777407245285     
   3.26097458333333        4.44605625000000      -0.486590771914638     
   3.26097458333333        4.74232666666667      -0.400109133284393     
   3.26097458333333        5.03859708333333      -0.322000438882585     
   3.26097458333333        5.33486750000000      -0.261754758539983     
   3.26097458333333        5.63113791666667      -0.219681171220927     
   3.26097458333333        5.92740833333333      -0.192219805771601     
   3.26097458333333        6.22367875000000      -0.171326210682071     
   3.26097458333333        6.51994916666667      -0.155533355426820     
   3.26097458333333        6.81621958333333      -0.143769002226952     
   3.26097458333333        7.11249000000000      -0.134605799967264     
   3.55724500000000       2.000000000000000E-003 -0.384978169367480     
   3.55724500000000       0.298270416666667      -0.436792952312047     
   3.55724500000000       0.594540833333333      -0.492591853557306     
   3.55724500000000       0.890811250000000      -0.549796914165747     
   3.55724500000000        1.18708166666667      -0.610774627885646     
   3.55724500000000        1.48335208333333      -0.684909822846803     
   3.55724500000000        1.77962250000000      -0.751318724128491     
   3.55724500000000        2.07589291666667      -0.802096759894872     
   3.55724500000000        2.37216333333333      -0.830564540284724     
   3.55724500000000        2.66843375000000      -0.828229056735152     
   3.55724500000000        2.96470416666667      -0.790909421802885     
   3.55724500000000        3.26097458333333      -0.721946627148682     
   3.55724500000000        3.55724500000000      -0.594085859108602     
   3.55724500000000        3.85351541666667      -0.652542085531087     
   3.55724500000000        4.14978583333333      -0.638422324955109     
   3.55724500000000        4.44605625000000      -0.534415567827647     
   3.55724500000000        4.74232666666667      -0.423128859890494     
   3.55724500000000        5.03859708333333      -0.332783438752013     
   3.55724500000000        5.33486750000000      -0.266608035911085     
   3.55724500000000        5.63113791666667      -0.221682755122525     
   3.55724500000000        5.92740833333333      -0.193297285709735     
   3.55724500000000        6.22367875000000      -0.171995719162152     
   3.55724500000000        6.51994916666667      -0.155954072032809     
   3.55724500000000        6.81621958333333      -0.144059703885792     
   3.55724500000000        7.11249000000000      -0.134845954963319     
   3.85351541666667       2.000000000000000E-003 -0.381218257443165     
   3.85351541666667       0.298270416666667      -0.431780417971560     
   3.85351541666667       0.594540833333333      -0.486121840316508     
   3.85351541666667       0.890811250000000      -0.541480196762530     
   3.85351541666667        1.18708166666667      -0.599468091321623     
   3.85351541666667        1.48335208333333      -0.668414973516971     
   3.85351541666667        1.77962250000000      -0.730940313398265     
   3.85351541666667        2.07589291666667      -0.774819658019343     
   3.85351541666667        2.37216333333333      -0.794156325520394     
   3.85351541666667        2.66843375000000      -0.777774172251209     
   3.85351541666667        2.96470416666667      -0.718907555546542     
   3.85351541666667        3.26097458333333      -0.637915752881278     
   3.85351541666667        3.55724500000000      -0.584371940047936     
   3.85351541666667        3.85351541666667      -0.556938643943364     
   3.85351541666667        4.14978583333333      -0.549991058741392     
   3.85351541666667        4.44605625000000      -0.486743535408334     
   3.85351541666667        4.74232666666667      -0.400190609256973     
   3.85351541666667        5.03859708333333      -0.322038969164686     
   3.85351541666667        5.33486750000000      -0.261772278628609     
   3.85351541666667        5.63113791666667      -0.219690989588578     
   3.85351541666667        5.92740833333333      -0.192228851448084     
   3.85351541666667        6.22367875000000      -0.171336594877154     
   3.85351541666667        6.51994916666667      -0.155545750986103     
   3.85351541666667        6.81621958333333      -0.143783058790444     
   3.85351541666667        7.11249000000000      -0.134620319069820     
   4.14978583333333       2.000000000000000E-003 -0.370580518746690     
   4.14978583333333       0.298270416666667      -0.417563601593618     
   4.14978583333333       0.594540833333333      -0.467776612468725     
   4.14978583333333       0.890811250000000      -0.518103195528963     
   4.14978583333333        1.18708166666667      -0.568445867091746     
   4.14978583333333        1.48335208333333      -0.624954482550774     
   4.14978583333333        1.77962250000000      -0.674880378671437     
   4.14978583333333        2.07589291666667      -0.704821924041789     
   4.14978583333333        2.37216333333333      -0.707990608605522     
   4.14978583333333        2.66843375000000      -0.676976011253871     
   4.14978583333333        2.96470416666667      -0.617973546034355     
   4.14978583333333        3.26097458333333      -0.570010668713538     
   4.14978583333333        3.55724500000000      -0.538559116582401     
   4.14978583333333        3.85351541666667      -0.474515253584596     
   4.14978583333333        4.14978583333333      -0.437258716252790     
   4.14978583333333        4.44605625000000      -0.402756017421714     
   4.14978583333333        4.74232666666667      -0.351502781009450     
   4.14978583333333        5.03859708333333      -0.296759220325694     
   4.14978583333333        5.33486750000000      -0.249631945176984     
   4.14978583333333        5.63113791666667      -0.214234463742016     
   4.14978583333333        5.92740833333333      -0.189156963966017     
   4.14978583333333        6.22367875000000      -0.169436971694998     
   4.14978583333333        6.51994916666667      -0.154357098959108     
   4.14978583333333        6.81621958333333      -0.142962897709763     
   4.14978583333333        7.11249000000000      -0.133941464856898     
   4.44605625000000       2.000000000000000E-003 -0.354678104833189     
   4.44605625000000       0.298270416666667      -0.396302751147397     
   4.44605625000000       0.594540833333333      -0.440409086361024     
   4.44605625000000       0.890811250000000      -0.483718305673494     
   4.44605625000000        1.18708166666667      -0.524551513978579     
   4.44605625000000        1.48335208333333      -0.564665088281433     
   4.44605625000000        1.77962250000000      -0.600996216310298     
   4.44605625000000        2.07589291666667      -0.618094501318227     
   4.44605625000000        2.37216333333333      -0.611297074317812     
   4.44605625000000        2.66843375000000      -0.580991553687050     
   4.44605625000000        2.96470416666667      -0.538728933637215     
   4.44605625000000        3.26097458333333      -0.504713016444688     
   4.44605625000000        3.55724500000000      -0.470601481231970     
   4.44605625000000        3.85351541666667      -0.417926107657131     
   4.44605625000000        4.14978583333333      -0.373184595977753     
   4.44605625000000        4.44605625000000      -0.340619329351049     
   4.44605625000000        4.74232666666667      -0.306305521849340     
   4.44605625000000        5.03859708333333      -0.269318704881521     
   4.44605625000000        5.33486750000000      -0.234809961106526     
   4.44605625000000        5.63113791666667      -0.206801093825689     
   4.44605625000000        5.92740833333333      -0.184505992647683     
   4.44605625000000        6.22367875000000      -0.166534935734423     
   4.44605625000000        6.51994916666667      -0.152515987376973     
   4.44605625000000        6.81621958333333      -0.141669335476084     
   4.44605625000000        7.11249000000000      -0.132858814164807     
   4.74232666666667       2.000000000000000E-003 -0.335802572836789     
   4.74232666666667       0.298270416666667      -0.371081048916797     
   4.74232666666667       0.594540833333333      -0.407981729738128     
   4.74232666666667       0.890811250000000      -0.443488075030257     
   4.74232666666667        1.18708166666667      -0.475175494534682     
   4.74232666666667        1.48335208333333      -0.502293217460776     
   4.74232666666667        1.77962250000000      -0.524711648443269     
   4.74232666666667        2.07589291666667      -0.533514917903024     
   4.74232666666667        2.37216333333333      -0.524613210818278     
   4.74232666666667        2.66843375000000      -0.500892136015756     
   4.74232666666667        2.96470416666667      -0.470499543852609     
   4.74232666666667        3.26097458333333      -0.441069960447034     
   4.74232666666667        3.55724500000000      -0.408538569397690     
   4.74232666666667        3.85351541666667      -0.368487821215056     
   4.74232666666667        4.14978583333333      -0.330546520304404     
   4.74232666666667        4.44605625000000      -0.300155978926117     
   4.74232666666667        4.74232666666667      -0.272929796655262     
   4.74232666666667        5.03859708333333      -0.246024030016635     
   4.74232666666667        5.33486750000000      -0.220480484308916     
   4.74232666666667        5.63113791666667      -0.198114834287853     
   4.74232666666667        5.92740833333333      -0.178884680089396     
   4.74232666666667        6.22367875000000      -0.162946256511137     
   4.74232666666667        6.51994916666667      -0.150181302049726     
   4.74232666666667        6.81621958333333      -0.139987390286025     
   4.74232666666667        7.11249000000000      -0.131437180264486     
   5.03859708333333       2.000000000000000E-003 -0.316612510890093     
   5.03859708333333       0.298270416666667      -0.345407607435016     
   5.03859708333333       0.594540833333333      -0.374832196579290     
   5.03859708333333       0.890811250000000      -0.402444971237012     
   5.03859708333333        1.18708166666667      -0.426139042348478     
   5.03859708333333        1.48335208333333      -0.444407479866755     
   5.03859708333333        1.77962250000000      -0.456379455185029     
   5.03859708333333        2.07589291666667      -0.460303438960294     
   5.03859708333333        2.37216333333333      -0.452689513390120     
   5.03859708333333        2.66843375000000      -0.435294952851951     
   5.03859708333333        2.96470416666667      -0.412456085235928     
   5.03859708333333        3.26097458333333      -0.387245319362472     
   5.03859708333333        3.55724500000000      -0.358937856549859     
   5.03859708333333        3.85351541666667      -0.327506071538427     
   5.03859708333333        4.14978583333333      -0.297163685673543     
   5.03859708333333        4.44605625000000      -0.271100843413514     
   5.03859708333333        4.74232666666667      -0.248475824923180     
   5.03859708333333        5.03859708333333      -0.227463003741568     
   5.03859708333333        5.33486750000000      -0.207607918563059     
   5.03859708333333        5.63113791666667      -0.189213576922690     
   5.03859708333333        5.92740833333333      -0.172871179040643     
   5.03859708333333        6.22367875000000      -0.158966680713051     
   5.03859708333333        6.51994916666667      -0.147488507304977     
   5.03859708333333        6.81621958333333      -0.137979257786853     
   5.03859708333333        7.11249000000000      -0.129719639237310     
   5.33486750000000       2.000000000000000E-003 -0.298375285198875     
   5.33486750000000       0.298270416666667      -0.321294443760204     
   5.33486750000000       0.594540833333333      -0.343757674912308     
   5.33486750000000       0.890811250000000      -0.364304440601394     
   5.33486750000000        1.18708166666667      -0.381287202756576     
   5.33486750000000        1.48335208333333      -0.393463331581112     
   5.33486750000000        1.77962250000000      -0.400147765115212     
   5.33486750000000        2.07589291666667      -0.400637751924045     
   5.33486750000000        2.37216333333333      -0.394517267397310     
   5.33486750000000        2.66843375000000      -0.381887739967764     
   5.33486750000000        2.96470416666667      -0.364453950140772     
   5.33486750000000        3.26097458333333      -0.343623580605060     
   5.33486750000000        3.55724500000000      -0.319951481781399     
   5.33486750000000        3.85351541666667      -0.294656755980598     
   5.33486750000000        4.14978583333333      -0.270241599777471     
   5.33486750000000        4.44605625000000      -0.248605149933572     
   5.33486750000000        4.74232666666667      -0.229734188917381     
   5.33486750000000        5.03859708333333      -0.212502827435358     
   5.33486750000000        5.33486750000000      -0.196065062821033     
   5.33486750000000        5.63113791666667      -0.180707110448546     
   5.33486750000000        5.92740833333333      -0.166859283771326     
   5.33486750000000        6.22367875000000      -0.154811715636702     
   5.33486750000000        6.51994916666667      -0.144539590626140     
   5.33486750000000        6.81621958333333      -0.135661285442164     
   5.33486750000000        7.11249000000000      -0.127673655500530     
   5.63113791666667       2.000000000000000E-003 -0.281610739877301     
   5.63113791666667       0.298270416666667      -0.299299668732062     
   5.63113791666667       0.594540833333333      -0.315549913251528     
   5.63113791666667       0.890811250000000      -0.330080679428289     
   5.63113791666667        1.18708166666667      -0.341923221751220     
   5.63113791666667        1.48335208333333      -0.350013089690929     
   5.63113791666667        1.77962250000000      -0.353836654170511     
   5.63113791666667        2.07589291666667      -0.353142254258970     
   5.63113791666667        2.37216333333333      -0.347780365668017     
   5.63113791666667        2.66843375000000      -0.338091360162238     
   5.63113791666667        2.96470416666667      -0.324672476323811     
   5.63113791666667        3.26097458333333      -0.307927175348401     
   5.63113791666667        3.55724500000000      -0.288686599005767     
   5.63113791666667        3.85351541666667      -0.268313098589768     
   5.63113791666667        4.14978583333333      -0.248587397156605     
   5.63113791666667        4.44605625000000      -0.230785205604384     
   5.63113791666667        4.74232666666667      -0.214676489467010     
   5.63113791666667        5.03859708333333      -0.199746308530916     
   5.63113791666667        5.33486750000000      -0.185767239518665     
   5.63113791666667        5.63113791666667      -0.172806576945238     
   5.63113791666667        5.92740833333333      -0.161032561038304     
   5.63113791666667        6.22367875000000      -0.150630100802392     
   5.63113791666667        6.51994916666667      -0.141450672120558     
   5.63113791666667        6.81621958333333      -0.133079284843224     
   5.63113791666667        7.11249000000000      -0.125250239301309     
   5.92740833333333       2.000000000000000E-003 -0.266569221169609     
   5.92740833333333       0.298270416666667      -0.279711816161091     
   5.92740833333333       0.594540833333333      -0.290333545528472     
   5.92740833333333       0.890811250000000      -0.299852593896513     
   5.92740833333333        1.18708166666667      -0.307903853259313     
   5.92740833333333        1.48335208333333      -0.313362695978610     
   5.92740833333333        1.77962250000000      -0.315575504902738     
   5.92740833333333        2.07589291666667      -0.314471531545005     
   5.92740833333333        2.37216333333333      -0.310000585475465     
   5.92740833333333        2.66843375000000      -0.302210970608455     
   5.92740833333333        2.96470416666667      -0.291412543661802     
   5.92740833333333        3.26097458333333      -0.278046915993974     
   5.92740833333333        3.55724500000000      -0.262768745511336     
   5.92740833333333        3.85351541666667      -0.246568528337788     
   5.92740833333333        4.14978583333333      -0.230541241435190     
   5.92740833333333        4.44605625000000      -0.215420707374262     
   5.92740833333333        4.74232666666667      -0.201423092740022     
   5.92740833333333        5.03859708333333      -0.188479585299095     
   5.92740833333333        5.33486750000000      -0.176510329139589     
   5.92740833333333        5.63113791666667      -0.165452223462429     
   5.92740833333333        5.92740833333333      -0.155432307011490     
   5.92740833333333        6.22367875000000      -0.146515938919819     
   5.92740833333333        6.51994916666667      -0.138356106806997     
   5.92740833333333        6.81621958333333      -0.130289800749229     
   5.92740833333333        7.11249000000000      -0.122334254099768     
   6.22367875000000       2.000000000000000E-003 -0.253058981279027     
   6.22367875000000       0.298270416666667      -0.262107211623466     
   6.22367875000000       0.594540833333333      -0.267630781984614     
   6.22367875000000       0.890811250000000      -0.273526557273399     
   6.22367875000000        1.18708166666667      -0.279020158040991     
   6.22367875000000        1.48335208333333      -0.282651741825338     
   6.22367875000000        1.77962250000000      -0.283811655636997     
   6.22367875000000        2.07589291666667      -0.282483062386841     
   6.22367875000000        2.37216333333333      -0.278711729289313     
   6.22367875000000        2.66843375000000      -0.272430326503984     
   6.22367875000000        2.96470416666667      -0.263766778006120     
   6.22367875000000        3.26097458333333      -0.253046306368873     
   6.22367875000000        3.55724500000000      -0.240783857519689     
   6.22367875000000        3.85351541666667      -0.227664197239793     
   6.22367875000000        4.14978583333333      -0.214410358222828     
   6.22367875000000        4.44605625000000      -0.201591350028467     
   6.22367875000000        4.74232666666667      -0.189526503087447     
   6.22367875000000        5.03859708333333      -0.178340565490979     
   6.22367875000000        5.33486750000000      -0.168028017376709     
   6.22367875000000        5.63113791666667      -0.158532113009930     
   6.22367875000000        5.92740833333333      -0.149991098166747     
   6.22367875000000        6.22367875000000      -0.142436340176772     
   6.22367875000000        6.51994916666667      -0.135358476993997     
   6.22367875000000        6.81621958333333      -0.127478851011745     
   6.22367875000000        7.11249000000000      -0.118872055324838     
   6.51994916666667       2.000000000000000E-003 -0.239968264850801     
   6.51994916666667       0.298270416666667      -0.244951093775985     
   6.51994916666667       0.594540833333333      -0.247208326063469     
   6.51994916666667       0.890811250000000      -0.251531903126046     
   6.51994916666667        1.18708166666667      -0.255243549875128     
   6.51994916666667        1.48335208333333      -0.257218565932116     
   6.51994916666667        1.77962250000000      -0.257341280775905     
   6.51994916666667        2.07589291666667      -0.255692794277634     
   6.51994916666667        2.37216333333333      -0.252326764385052     
   6.51994916666667        2.66843375000000      -0.247162722910510     
   6.51994916666667        2.96470416666667      -0.240188701911170     
   6.51994916666667        3.26097458333333      -0.231583785299982     
   6.51994916666667        3.55724500000000      -0.221688320424764     
   6.51994916666667        3.85351541666667      -0.210968003856728     
   6.51994916666667        4.14978583333333      -0.199939569916216     
   6.51994916666667        4.44605625000000      -0.189068575889187     
   6.51994916666667        4.74232666666667      -0.178697189303346     
   6.51994916666667        5.03859708333333      -0.169036758904177     
   6.51994916666667        5.33486750000000      -0.160107155765928     
   6.51994916666667        5.63113791666667      -0.151928347239992     
   6.51994916666667        5.92740833333333      -0.144609885460074     
   6.51994916666667        6.22367875000000      -0.138195697946755     
   6.51994916666667        6.51994916666667      -0.132299616789162     
   6.51994916666667        6.81621958333333      -0.125128669002757     
   6.51994916666667        7.11249000000000      -0.115619556980597     
   6.81621958333333       2.000000000000000E-003 -0.224318519639216     
   6.81621958333333       0.298270416666667      -0.227090529989382     
   6.81621958333333       0.594540833333333      -0.231544475174417     
   6.81621958333333       0.890811250000000      -0.234825834608704     
   6.81621958333333        1.18708166666667      -0.236118897158411     
   6.81621958333333        1.48335208333333      -0.236087086703163     
   6.81621958333333        1.77962250000000      -0.235004627532151     
   6.81621958333333        2.07589291666667      -0.232894966265478     
   6.81621958333333        2.37216333333333      -0.229712567259648     
   6.81621958333333        2.66843375000000      -0.225348495944705     
   6.81621958333333        2.96470416666667      -0.219684799204507     
   6.81621958333333        3.26097458333333      -0.212762965567231     
   6.81621958333333        3.55724500000000      -0.204761510985870     
   6.81621958333333        3.85351541666667      -0.195973873144031     
   6.81621958333333        4.14978583333333      -0.186775728780750     
   6.81621958333333        4.44605625000000      -0.177556511558374     
   6.81621958333333        4.74232666666667      -0.168650978286308     
   6.81621958333333        5.03859708333333      -0.160299801235189     
   6.81621958333333        5.33486750000000      -0.152589504401357     
   6.81621958333333        5.63113791666667      -0.145590689909039     
   6.81621958333333        5.92740833333333      -0.139356200992083     
   6.81621958333333        6.22367875000000      -0.133816585688207     
   6.81621958333333        6.51994916666667      -0.128596776223697     
   6.81621958333333        6.81621958333333      -0.122669229589047     
   6.81621958333333        7.11249000000000      -0.114561990336730     
   7.11249000000000       2.000000000000000E-003 -0.205517524540020     
   7.11249000000000       0.298270416666667      -0.216049848872244     
   7.11249000000000       0.594540833333333      -0.220743036017117     
   7.11249000000000       0.890811250000000      -0.220706746251964     
   7.11249000000000        1.18708166666667      -0.219324124236531     
   7.11249000000000        1.48335208333333      -0.217576646177870     
   7.11249000000000        1.77962250000000      -0.215538430180078     
   7.11249000000000        2.07589291666667      -0.213075906888777     
   7.11249000000000        2.37216333333333      -0.210022123699195     
   7.11249000000000        2.66843375000000      -0.206268404377299     
   7.11249000000000        2.96470416666667      -0.201624346730944     
   7.11249000000000        3.26097458333333      -0.196028776581956     
   7.11249000000000        3.55724500000000      -0.189534941774191     
   7.11249000000000        3.85351541666667      -0.182307360820248     
   7.11249000000000        4.14978583333333      -0.174618696535753     
   7.11249000000000        4.44605625000000      -0.166796234940212     
   7.11249000000000        4.74232666666667      -0.159153091226460     
   7.11249000000000        5.03859708333333      -0.151938126245415     
   7.11249000000000        5.33486750000000      -0.145327866074083     
   7.11249000000000        5.63113791666667      -0.139445714230043     
   7.11249000000000        5.92740833333333      -0.134360768013563     
   7.11249000000000        6.22367875000000      -0.129976221698615     
   7.11249000000000        6.51994916666667      -0.125645244395196     
   7.11249000000000        6.81621958333333      -0.119526357724600     
   7.11249000000000        7.11249000000000      -0.112103286224629     
