  2.000000000000000E-003  2.000000000000000E-003 -0.238468528515449     
  2.000000000000000E-003  0.298270416666667      -0.238996810459870     
  2.000000000000000E-003  0.594540833333333      -0.231740373496368     
  2.000000000000000E-003  0.890811250000000      -0.221270392369457     
  2.000000000000000E-003   1.18708166666667      -0.210244771750707     
  2.000000000000000E-003   1.48335208333333      -0.199537780281406     
  2.000000000000000E-003   1.77962250000000      -0.189489381059985     
  2.000000000000000E-003   2.07589291666667      -0.180192278728247     
  2.000000000000000E-003   2.37216333333333      -0.171621480847824     
  2.000000000000000E-003   2.66843375000000      -0.163697966480362     
  2.000000000000000E-003   2.96470416666667      -0.156243187362712     
  2.000000000000000E-003   3.26097458333333      -0.149091775862182     
  2.000000000000000E-003   3.55724500000000      -0.142114821815600     
  2.000000000000000E-003   3.85351541666667      -0.135258484753969     
  2.000000000000000E-003   4.14978583333333      -0.128569323996974     
  2.000000000000000E-003   4.44605625000000      -0.122167455503875     
  2.000000000000000E-003   4.74232666666667      -0.116193730711896     
  2.000000000000000E-003   5.03859708333333      -0.110763101282419     
  2.000000000000000E-003   5.33486750000000      -0.105943591433243     
  2.000000000000000E-003   5.63113791666667      -0.101745505220419     
  2.000000000000000E-003   5.92740833333333      -9.813325026694884E-002
  2.000000000000000E-003   6.22367875000000      -9.498567662089311E-002
  2.000000000000000E-003   6.51994916666667      -9.198798507521910E-002
  2.000000000000000E-003   6.81621958333333      -8.835238073914203E-002
  2.000000000000000E-003   7.11249000000000      -8.388449157376622E-002
  0.298270416666667       2.000000000000000E-003 -0.262501959507206     
  0.298270416666667       0.298270416666667      -0.256641780767983     
  0.298270416666667       0.594540833333333      -0.248384070786806     
  0.298270416666667       0.890811250000000      -0.238185694047915     
  0.298270416666667        1.18708166666667      -0.226589664643889     
  0.298270416666667        1.48335208333333      -0.214785873693574     
  0.298270416666667        1.77962250000000      -0.203436621862812     
  0.298270416666667        2.07589291666667      -0.192780999512285     
  0.298270416666667        2.37216333333333      -0.182884755329634     
  0.298270416666667        2.66843375000000      -0.173753227371523     
  0.298270416666667        2.96470416666667      -0.165184842278421     
  0.298270416666667        3.26097458333333      -0.157005769479709     
  0.298270416666667        3.55724500000000      -0.149092296440672     
  0.298270416666667        3.85351541666667      -0.141397727537098     
  0.298270416666667        4.14978583333333      -0.133966342120090     
  0.298270416666667        4.44605625000000      -0.126907429930937     
  0.298270416666667        4.74232666666667      -0.120348693434013     
  0.298270416666667        5.03859708333333      -0.114394409819902     
  0.298270416666667        5.33486750000000      -0.109092582410544     
  0.298270416666667        5.63113791666667      -0.104441975802052     
  0.298270416666667        5.92740833333333      -0.100390641682926     
  0.298270416666667        6.22367875000000      -9.678659445082717E-002
  0.298270416666667        6.51994916666667      -9.326671702464714E-002
  0.298270416666667        6.81621958333333      -8.926080674443783E-002
  0.298270416666667        7.11249000000000      -8.557591692968164E-002
  0.594540833333333       2.000000000000000E-003 -0.282381505993805     
  0.594540833333333       0.298270416666667      -0.276544146935429     
  0.594540833333333       0.594540833333333      -0.266456355546297     
  0.594540833333333       0.890811250000000      -0.255479697800547     
  0.594540833333333        1.18708166666667      -0.243258926706063     
  0.594540833333333        1.48335208333333      -0.230470079670331     
  0.594540833333333        1.77962250000000      -0.217874603167407     
  0.594540833333333        2.07589291666667      -0.205869354059895     
  0.594540833333333        2.37216333333333      -0.194651539999538     
  0.594540833333333        2.66843375000000      -0.184254179277866     
  0.594540833333333        2.96470416666667      -0.174486388841892     
  0.594540833333333        3.26097458333333      -0.165186217842947     
  0.594540833333333        3.55724500000000      -0.156244861936069     
  0.594540833333333        3.85351541666667      -0.147630230170295     
  0.594540833333333        4.14978583333333      -0.139388332755378     
  0.594540833333333        4.44605625000000      -0.131615659620170     
  0.594540833333333        4.74232666666667      -0.124419259027564     
  0.594540833333333        5.03859708333333      -0.117879827597397     
  0.594540833333333        5.33486750000000      -0.112028453391518     
  0.594540833333333        5.63113791666667      -0.106837687491928     
  0.594540833333333        5.92740833333333      -0.102236815213520     
  0.594540833333333        6.22367875000000      -9.805303075512468E-002
  0.594540833333333        6.51994916666667      -9.397604296087868E-002
  0.594540833333333        6.81621958333333      -8.984105905086907E-002
  0.594540833333333        7.11249000000000      -8.630238169870785E-002
  0.890811250000000       2.000000000000000E-003 -0.303075265791033     
  0.890811250000000       0.298270416666667      -0.298475320451818     
  0.890811250000000       0.594540833333333      -0.288048995158923     
  0.890811250000000       0.890811250000000      -0.275411836693007     
  0.890811250000000        1.18708166666667      -0.261610861042564     
  0.890811250000000        1.48335208333333      -0.247300987474960     
  0.890811250000000        1.77962250000000      -0.233157525217153     
  0.890811250000000        2.07589291666667      -0.219646965868448     
  0.890811250000000        2.37216333333333      -0.207043691210960     
  0.890811250000000        2.66843375000000      -0.195301484331013     
  0.890811250000000        2.96470416666667      -0.184257829556136     
  0.890811250000000        3.26097458333333      -0.173757808057690     
  0.890811250000000        3.55724500000000      -0.163702086379731     
  0.890811250000000        3.85351541666667      -0.154077144114736     
  0.890811250000000        4.14978583333333      -0.144942184669848     
  0.890811250000000        4.44605625000000      -0.136386697193892     
  0.890811250000000        4.74232666666667      -0.128492509917561     
  0.890811250000000        5.03859708333333      -0.121312476397306     
  0.890811250000000        5.33486750000000      -0.114856603067604     
  0.890811250000000        5.63113791666667      -0.109086993763468     
  0.890811250000000        5.92740833333333      -0.103934270927971     
  0.890811250000000        6.22367875000000      -9.925819090525456E-002
  0.890811250000000        6.51994916666667      -9.487494882016570E-002
  0.890811250000000        6.81621958333333      -9.074333863611674E-002
  0.890811250000000        7.11249000000000      -8.705916530547560E-002
   1.18708166666667       2.000000000000000E-003 -0.326692954613757     
   1.18708166666667       0.298270416666667      -0.322663906621707     
   1.18708166666667       0.594540833333333      -0.312210906451190     
   1.18708166666667       0.890811250000000      -0.298108820639382     
   1.18708166666667        1.18708166666667      -0.282254901839852     
   1.18708166666667        1.48335208333333      -0.265822888188068     
   1.18708166666667        1.77962250000000      -0.249685134162725     
   1.18708166666667        2.07589291666667      -0.234432369621665     
   1.18708166666667        2.37216333333333      -0.220252168234223     
   1.18708166666667        2.66843375000000      -0.207051117196689     
   1.18708166666667        2.96470416666667      -0.194662282941078     
   1.18708166666667        3.26097458333333      -0.182895314800286     
   1.18708166666667        3.55724500000000      -0.171629782303867     
   1.18708166666667        3.85351541666667      -0.160875536566196     
   1.18708166666667        4.14978583333333      -0.150735292239940     
   1.18708166666667        4.44605625000000      -0.141311080428172     
   1.18708166666667        4.74232666666667      -0.132655258163079     
   1.18708166666667        5.03859708333333      -0.124782373385230     
   1.18708166666667        5.33486750000000      -0.117683560081617     
   1.18708166666667        5.63113791666667      -0.111328952061786     
   1.18708166666667        5.92740833333333      -0.105663926207914     
   1.18708166666667        6.22367875000000      -0.100590441715444     
   1.18708166666667        6.51994916666667      -9.597869466862037E-002
   1.18708166666667        6.81621958333333      -9.174095912205205E-002
   1.18708166666667        7.11249000000000      -8.783703630756441E-002
   1.48335208333333       2.000000000000000E-003 -0.353919172994165     
   1.48335208333333       0.298270416666667      -0.349969995973476     
   1.48335208333333       0.594540833333333      -0.339048157670317     
   1.48335208333333       0.890811250000000      -0.323437831751476     
   1.48335208333333        1.18708166666667      -0.305243294573892     
   1.48335208333333        1.48335208333333      -0.286238251181394     
   1.48335208333333        1.77962250000000      -0.267749192848814     
   1.48335208333333        2.07589291666667      -0.250451172961928     
   1.48335208333333        2.37216333333333      -0.234444167317743     
   1.48335208333333        2.66843375000000      -0.219666546652186     
   1.48335208333333        2.96470416666667      -0.205891442782885     
   1.48335208333333        3.26097458333333      -0.192800747581068     
   1.48335208333333        3.55724500000000      -0.180206598232320     
   1.48335208333333        3.85351541666667      -0.168142520050095     
   1.48335208333333        4.14978583333333      -0.156812903391162     
   1.48335208333333        4.44605625000000      -0.146411708932434     
   1.48335208333333        4.74232666666667      -0.136936692249125     
   1.48335208333333        5.03859708333333      -0.128331437456771     
   1.48335208333333        5.33486750000000      -0.120564370033806     
   1.48335208333333        5.63113791666667      -0.113618942540466     
   1.48335208333333        5.92740833333333      -0.107461580546884     
   1.48335208333333        6.22367875000000      -0.102021480897315     
   1.48335208333333        6.51994916666667      -9.716440659059303E-002
   1.48335208333333        6.81621958333333      -9.273411945966600E-002
   1.48335208333333        7.11249000000000      -8.859994643288048E-002
   1.77962250000000       2.000000000000000E-003 -0.384921153158561     
   1.77962250000000       0.298270416666667      -0.380776644655494     
   1.77962250000000       0.594540833333333      -0.368832253476867     
   1.77962250000000       0.890811250000000      -0.351232831826519     
   1.77962250000000        1.18708166666667      -0.330381037017178     
   1.77962250000000        1.48335208333333      -0.308560558094274     
   1.77962250000000        1.77962250000000      -0.287471549558419     
   1.77962250000000        2.07589291666667      -0.267765005351538     
   1.77962250000000        2.37216333333333      -0.249712833840923     
   1.77962250000000        2.66843375000000      -0.233191857567917     
   1.77962250000000        2.96470416666667      -0.217909735284038     
   1.77962250000000        3.26097458333333      -0.203467106183334     
   1.77962250000000        3.55724500000000      -0.189511652425961     
   1.77962250000000        3.85351541666667      -0.176035094684695     
   1.77962250000000        4.14978583333333      -0.163332473963113     
   1.77962250000000        4.44605625000000      -0.151721464354528     
   1.77962250000000        4.74232666666667      -0.141291889420596     
   1.77962250000000        5.03859708333333      -0.131929694801897     
   1.77962250000000        5.33486750000000      -0.123474769923293     
   1.77962250000000        5.63113791666667      -0.115927918821652     
   1.77962250000000        5.92740833333333      -0.109285331208294     
   1.77962250000000        6.22367875000000      -0.103483061194637     
   1.77962250000000        6.51994916666667      -9.836423373151214E-002
   1.77962250000000        6.81621958333333      -9.372314240841259E-002
   1.77962250000000        7.11249000000000      -8.938099759562958E-002
   2.07589291666667       2.000000000000000E-003 -0.419242741099227     
   2.07589291666667       0.298270416666667      -0.414465514999014     
   2.07589291666667       0.594540833333333      -0.401150996838869     
   2.07589291666667       0.890811250000000      -0.381136508383820     
   2.07589291666667        1.18708166666667      -0.357515961070484     
   2.07589291666667        1.48335208333333      -0.332695425600014     
   2.07589291666667        1.77962250000000      -0.308579460336783     
   2.07589291666667        2.07589291666667      -0.286274345544485     
   2.07589291666667        2.37216333333333      -0.265868049954999     
   2.07589291666667        2.66843375000000      -0.247351556266672     
   2.07589291666667        2.96470416666667      -0.230521537705348     
   2.07589291666667        3.26097458333333      -0.214830650540245     
   2.07589291666667        3.55724500000000      -0.199571167162876     
   2.07589291666667        3.85351541666667      -0.184554820270875     
   2.07589291666667        4.14978583333333      -0.170290282162979     
   2.07589291666667        4.44605625000000      -0.157318979761881     
   2.07589291666667        4.74232666666667      -0.145762917930921     
   2.07589291666667        5.03859708333333      -0.135495437505980     
   2.07589291666667        5.33486750000000      -0.126336409626997     
   2.07589291666667        5.63113791666667      -0.118186863803971     
   2.07589291666667        5.92740833333333      -0.111061557211311     
   2.07589291666667        6.22367875000000      -0.104903887550381     
   2.07589291666667        6.51994916666667      -9.953394960266389E-002
   2.07589291666667        6.81621958333333      -9.470477175019965E-002
   2.07589291666667        7.11249000000000      -9.019198865424458E-002
   2.37216333333333       2.000000000000000E-003 -0.456012524980372     
   2.37216333333333       0.298270416666667      -0.450769218017209     
   2.37216333333333       0.594540833333333      -0.435783806907098     
   2.37216333333333       0.890811250000000      -0.413208488407784     
   2.37216333333333        1.18708166666667      -0.386045160325689     
   2.37216333333333        1.48335208333333      -0.357533032656893     
   2.37216333333333        1.77962250000000      -0.330418253564098     
   2.37216333333333        2.07589291666667      -0.305299097337827     
   2.37216333333333        2.37216333333333      -0.282316364534711     
   2.37216333333333        2.66843375000000      -0.261676412205329     
   2.37216333333333        2.96470416666667      -0.243325774452821     
   2.37216333333333        3.26097458333333      -0.226653800236576     
   2.37216333333333        3.55724500000000      -0.210290606827408     
   2.37216333333333        3.85351541666667      -0.193572132826199     
   2.37216333333333        4.14978583333333      -0.177518596478576     
   2.37216333333333        4.44605625000000      -0.163076109861980     
   2.37216333333333        4.74232666666667      -0.150271592389951     
   2.37216333333333        5.03859708333333      -0.138941610728989     
   2.37216333333333        5.33486750000000      -0.129001324479030     
   2.37216333333333        5.63113791666667      -0.120295603523197     
   2.37216333333333        5.92740833333333      -0.112716974569179     
   2.37216333333333        6.22367875000000      -0.106219977900828     
   2.37216333333333        6.51994916666667      -0.100624355678403     
   2.37216333333333        6.81621958333333      -9.564238365276290E-002
   2.37216333333333        7.11249000000000      -9.100893422281849E-002
   2.66843375000000       2.000000000000000E-003 -0.494181979433342     
   2.66843375000000       0.298270416666667      -0.488120327114507     
   2.66843375000000       0.594540833333333      -0.470725214722494     
   2.66843375000000       0.890811250000000      -0.444508740736209     
   2.66843375000000        1.18708166666667      -0.413218456821564     
   2.66843375000000        1.48335208333333      -0.381173188699186     
   2.66843375000000        1.77962250000000      -0.351295980395461     
   2.66843375000000        2.07589291666667      -0.323514578459723     
   2.66843375000000        2.37216333333333      -0.298187682621795     
   2.66843375000000        2.66843375000000      -0.275490142552932     
   2.66843375000000        2.96470416666667      -0.255560422349012     
   2.66843375000000        3.26097458333333      -0.238268086500276     
   2.66843375000000        3.55724500000000      -0.221328402747899     
   2.66843375000000        3.85351541666667      -0.202720784493704     
   2.66843375000000        4.14978583333333      -0.184825370431518     
   2.66843375000000        4.44605625000000      -0.168980223745541     
   2.66843375000000        4.74232666666667      -0.154776684219682     
   2.66843375000000        5.03859708333333      -0.142169796558788     
   2.66843375000000        5.33486750000000      -0.131309699777509     
   2.66843375000000        5.63113791666667      -0.122101735103546     
   2.66843375000000        5.92740833333333      -0.114170378552264     
   2.66843375000000        6.22367875000000      -0.107386808005639     
   2.66843375000000        6.51994916666667      -0.101591383407523     
   2.66843375000000        6.81621958333333      -9.648346798641021E-002
   2.66843375000000        7.11249000000000      -9.176129279725216E-002
   2.96470416666667       2.000000000000000E-003 -0.527255170812976     
   2.96470416666667       0.298270416666667      -0.520301658472516     
   2.96470416666667       0.594540833333333      -0.500434914406720     
   2.96470416666667       0.890811250000000      -0.470733410156725     
   2.96470416666667        1.18708166666667      -0.435804065095816     
   2.96470416666667        1.48335208333333      -0.401215640559305     
   2.96470416666667        1.77962250000000      -0.368896742489649     
   2.96470416666667        2.07589291666667      -0.339137629393039     
   2.96470416666667        2.37216333333333      -0.312304075604553     
   2.96470416666667        2.66843375000000      -0.288144350597555     
   2.96470416666667        2.96470416666667      -0.266544891528681     
   2.96470416666667        3.26097458333333      -0.248478303473855     
   2.96470416666667        3.55724500000000      -0.231809270770517     
   2.96470416666667        3.85351541666667      -0.211374662329677     
   2.96470416666667        4.14978583333333      -0.192418739103945     
   2.96470416666667        4.44605625000000      -0.175295684765709     
   2.96470416666667        4.74232666666667      -0.159258888800450     
   2.96470416666667        5.03859708333333      -0.145057952827347     
   2.96470416666667        5.33486750000000      -0.133153561625950     
   2.96470416666667        5.63113791666667      -0.123437758254959     
   2.96470416666667        5.92740833333333      -0.115308292310494     
   2.96470416666667        6.22367875000000      -0.108327064364111     
   2.96470416666667        6.51994916666667      -0.102381244408212     
   2.96470416666667        6.81621958333333      -9.717650661149828E-002
   2.96470416666667        7.11249000000000      -9.238883384054951E-002
   3.26097458333333       2.000000000000000E-003 -0.549748651713802     
   3.26097458333333       0.298270416666667      -0.542066806457462     
   3.26097458333333       0.594540833333333      -0.520323288730914     
   3.26097458333333       0.890811250000000      -0.488145550714088     
   3.26097458333333        1.18708166666667      -0.450803072937778     
   3.26097458333333        1.48335208333333      -0.414530111537226     
   3.26097458333333        1.77962250000000      -0.380839650176912     
   3.26097458333333        2.07589291666667      -0.350050204186042     
   3.26097458333333        2.37216333333333      -0.322765322488990     
   3.26097458333333        2.66843375000000      -0.298581106351179     
   3.26097458333333        2.96470416666667      -0.276647427653442     
   3.26097458333333        3.26097458333333      -0.256737525075134     
   3.26097458333333        3.55724500000000      -0.239043791225417     
   3.26097458333333        3.85351541666667      -0.219479921946294     
   3.26097458333333        4.14978583333333      -0.201315192586345     
   3.26097458333333        4.44605625000000      -0.181794713872166     
   3.26097458333333        4.74232666666667      -0.163161000651831     
   3.26097458333333        5.03859708333333      -0.147241926557644     
   3.26097458333333        5.33486750000000      -0.134388344151354     
   3.26097458333333        5.63113791666667      -0.124257154228890     
   3.26097458333333        5.92740833333333      -0.116029142509863     
   3.26097458333333        6.22367875000000      -0.108944550245620     
   3.26097458333333        6.51994916666667      -0.102908486192953     
   3.26097458333333        6.81621958333333      -9.764261510463937E-002
   3.26097458333333        7.11249000000000      -9.281324131888075E-002
   3.55724500000000       2.000000000000000E-003 -0.557792541516394     
   3.55724500000000       0.298270416666667      -0.549799065841295     
   3.55724500000000       0.594540833333333      -0.527319301398594     
   3.55724500000000       0.890811250000000      -0.494235832878533     
   3.55724500000000        1.18708166666667      -0.456060072250106     
   3.55724500000000        1.48335208333333      -0.419311614191279     
   3.55724500000000        1.77962250000000      -0.384978169367482     
   3.55724500000000        2.07589291666667      -0.353987344571188     
   3.55724500000000        2.37216333333333      -0.326763942819946     
   3.55724500000000        2.66843375000000      -0.303145382166723     
   3.55724500000000        2.96470416666667      -0.282451831910474     
   3.55724500000000        3.26097458333333      -0.262542229693786     
   3.55724500000000        3.55724500000000      -0.238504650029905     
   3.55724500000000        3.85351541666667      -0.225320655397936     
   3.55724500000000        4.14978583333333      -0.207168022190270     
   3.55724500000000        4.44605625000000      -0.185104682724759     
   3.55724500000000        4.74232666666667      -0.164849489668673     
   3.55724500000000        5.03859708333333      -0.148098921033248     
   3.55724500000000        5.33486750000000      -0.134845981393300     
   3.55724500000000        5.63113791666667      -0.124534694718488     
   3.55724500000000        5.92740833333333      -0.116278177034182     
   3.55724500000000        6.22367875000000      -0.109163956515711     
   3.55724500000000        6.51994916666667      -0.103098370034868     
   3.55724500000000        6.81621958333333      -9.781152081827960E-002
   3.55724500000000        7.11249000000000      -9.296744650554432E-002
   3.85351541666667       2.000000000000000E-003 -0.549749539832609     
   3.85351541666667       0.298270416666667      -0.542063572196842     
   3.85351541666667       0.594540833333333      -0.520316533237479     
   3.85351541666667       0.890811250000000      -0.488136013805012     
   3.85351541666667        1.18708166666667      -0.450791498365111     
   3.85351541666667        1.48335208333333      -0.414516329426172     
   3.85351541666667        1.77962250000000      -0.380822845452551     
   3.85351541666667        2.07589291666667      -0.350028316030708     
   3.85351541666667        2.37216333333333      -0.322733782891192     
   3.85351541666667        2.66843375000000      -0.298531693123157     
   3.85351541666667        2.96470416666667      -0.276572267171329     
   3.85351541666667        3.26097458333333      -0.256658170274037     
   3.85351541666667        3.55724500000000      -0.239028397723208     
   3.85351541666667        3.85351541666667      -0.219545322462258     
   3.85351541666667        4.14978583333333      -0.201395608161410     
   3.85351541666667        4.44605625000000      -0.181847722192425     
   3.85351541666667        4.74232666666667      -0.163191793909095     
   3.85351541666667        5.03859708333333      -0.147261018026084     
   3.85351541666667        5.33486750000000      -0.134402313619042     
   3.85351541666667        5.63113791666667      -0.124269537336145     
   3.85351541666667        5.92740833333333      -0.116041562521920     
   3.85351541666667        6.22367875000000      -0.108957300458294     
   3.85351541666667        6.51994916666667      -0.102921505264619     
   3.85351541666667        6.81621958333333      -9.765558905245693E-002
   3.85351541666667        7.11249000000000      -9.282569957879215E-002
   4.14978583333333       2.000000000000000E-003 -0.527256693036628     
   4.14978583333333       0.298270416666667      -0.520295626387126     
   4.14978583333333       0.594540833333333      -0.500422273769491     
   4.14978583333333       0.890811250000000      -0.470715731744547     
   4.14978583333333        1.18708166666667      -0.435782774175092     
   4.14978583333333        1.48335208333333      -0.401190846502211     
   4.14978583333333        1.77962250000000      -0.368867523102257     
   4.14978583333333        2.07589291666667      -0.339101736566588     
   4.14978583333333        2.37216333333333      -0.312257045457204     
   4.14978583333333        2.66843375000000      -0.288080402534685     
   4.14978583333333        2.96470416666667      -0.266463838155134     
   4.14978583333333        3.26097458333333      -0.248402645481970     
   4.14978583333333        3.55724500000000      -0.231783314766587     
   4.14978583333333        3.85351541666667      -0.211421424046995     
   4.14978583333333        4.14978583333333      -0.192497770856559     
   4.14978583333333        4.44605625000000      -0.175362526994960     
   4.14978583333333        4.74232666666667      -0.159305505016556     
   4.14978583333333        5.03859708333333      -0.145090883105271     
   4.14978583333333        5.33486750000000      -0.133179722782436     
   4.14978583333333        5.63113791666667      -0.123461800037596     
   4.14978583333333        5.92740833333333      -0.115332481836793     
   4.14978583333333        6.22367875000000      -0.108351843563512     
   4.14978583333333        6.51994916666667      -0.102406501543772     
   4.14978583333333        6.81621958333333      -9.720162375973750E-002
   4.14978583333333        7.11249000000000      -9.241289589545579E-002
   4.44605625000000       2.000000000000000E-003 -0.494183959172415     
   4.44605625000000       0.298270416666667      -0.488112090984251     
   4.44605625000000       0.594540833333333      -0.470708124718040     
   4.44605625000000       0.890811250000000      -0.444485020682442     
   4.44605625000000        1.18708166666667      -0.413190300661306     
   4.44605625000000        1.48335208333333      -0.381141615304793     
   4.44605625000000        1.77962250000000      -0.351260399496857     
   4.44605625000000        2.07589291666667      -0.323474091422733     
   4.44605625000000        2.37216333333333      -0.298140818993137     
   4.44605625000000        2.66843375000000      -0.275436392949646     
   4.44605625000000        2.96470416666667      -0.255504388254708     
   4.44605625000000        3.26097458333333      -0.238224228158793     
   4.44605625000000        3.55724500000000      -0.221317388472189     
   4.44605625000000        3.85351541666667      -0.202752872735031     
   4.44605625000000        4.14978583333333      -0.184884101586804     
   4.44605625000000        4.44605625000000      -0.169040535987666     
   4.44605625000000        4.74232666666667      -0.154827447688608     
   4.44605625000000        5.03859708333333      -0.142211286778065     
   4.44605625000000        5.33486750000000      -0.131345833989957     
   4.44605625000000        5.63113791666667      -0.122136289457324     
   4.44605625000000        5.92740833333333      -0.114205155564974     
   4.44605625000000        6.22367875000000      -0.107422376579415     
   4.44605625000000        6.51994916666667      -0.101627566360147     
   4.44605625000000        6.81621958333333      -9.651935143419843E-002
   4.44605625000000        7.11249000000000      -9.179551753269997E-002
   4.74232666666667       2.000000000000000E-003 -0.456014610320351     
   4.74232666666667       0.298270416666667      -0.450759157784716     
   4.74232666666667       0.594540833333333      -0.435763413276443     
   4.74232666666667       0.890811250000000      -0.413180744962900     
   4.74232666666667        1.18708166666667      -0.386012958715010     
   4.74232666666667        1.48335208333333      -0.357498341614524     
   4.74232666666667        1.77962250000000      -0.330381409810405     
   4.74232666666667        2.07589291666667      -0.305260408607588     
   4.74232666666667        2.37216333333333      -0.282276746824633     
   4.74232666666667        2.66843375000000      -0.261638192756948     
   4.74232666666667        2.96470416666667      -0.243294064370396     
   4.74232666666667        3.26097458333333      -0.226636690450752     
   4.74232666666667        3.55724500000000      -0.210296376067022     
   4.74232666666667        3.85351541666667      -0.193603350968875     
   4.74232666666667        4.14978583333333      -0.177567654393133     
   4.74232666666667        4.44605625000000      -0.163130715387291     
   4.74232666666667        4.74232666666667      -0.150323647711875     
   4.74232666666667        5.03859708333333      -0.138989076987034     
   4.74232666666667        5.33486750000000      -0.129045667798149     
   4.74232666666667        5.63113791666667      -0.120339063633949     
   4.74232666666667        5.92740833333333      -0.112760822396840     
   4.74232666666667        6.22367875000000      -0.106264827828265     
   4.74232666666667        6.51994916666667      -0.100669960142962     
   4.74232666666667        6.81621958333333      -9.568751739693895E-002
   4.74232666666667        7.11249000000000      -9.105169779436272E-002
   5.03859708333333       2.000000000000000E-003 -0.419244620192184     
   5.03859708333333       0.298270416666667      -0.414453148435710     
   5.03859708333333       0.594540833333333      -0.401127142615749     
   5.03859708333333       0.890811250000000      -0.381105481417672     
   5.03859708333333        1.18708166666667      -0.357481472129469     
   5.03859708333333        1.48335208333333      -0.332660012344608     
   5.03859708333333        1.77962250000000      -0.308544397299159     
   5.03859708333333        2.07589291666667      -0.286240305413576     
   5.03859708333333        2.37216333333333      -0.265836828509617     
   5.03859708333333        2.66843375000000      -0.247326171173454     
   5.03859708333333        2.96470416666667      -0.230506169251350     
   5.03859708333333        3.26097458333333      -0.214829814571786     
   5.03859708333333        3.55724500000000      -0.199588017145921     
   5.03859708333333        3.85351541666667      -0.184589089856073     
   5.03859708333333        4.14978583333333      -0.170337377050887     
   5.03859708333333        4.44605625000000      -0.157372200073128     
   5.03859708333333        4.74232666666667      -0.145816895482748     
   5.03859708333333        5.03859708333333      -0.135547852462007     
   5.03859708333333        5.33486750000000      -0.126387415413831     
   5.03859708333333        5.63113791666667      -0.118237455719977     
   5.03859708333333        5.92740833333333      -0.111112702007547     
   5.03859708333333        6.22367875000000      -0.104956264420608     
   5.03859708333333        6.51994916666667      -9.958742659180225E-002
   5.03859708333333        6.81621958333333      -9.475780738877611E-002
   5.03859708333333        7.11249000000000      -9.024174358684472E-002
   5.33486750000000       2.000000000000000E-003 -0.384922648516552     
   5.33486750000000       0.298270416666667      -0.380761071475219     
   5.33486750000000       0.594540833333333      -0.368803889762586     
   5.33486750000000       0.890811250000000      -0.351197755741698     
   5.33486750000000        1.18708166666667      -0.330344477489398     
   5.33486750000000        1.48335208333333      -0.308525595190342     
   5.33486750000000        1.77962250000000      -0.287439307557747     
   5.33486750000000        2.07589291666667      -0.267736338701006     
   5.33486750000000        2.37216333333333      -0.249689154136438     
   5.33486750000000        2.66843375000000      -0.233175771167235     
   5.33486750000000        2.96470416666667      -0.217904378840752     
   5.33486750000000        3.26097458333333      -0.203475276602147     
   5.33486750000000        3.55724500000000      -0.189534682859229     
   5.33486750000000        3.85351541666667      -0.176072062213589     
   5.33486750000000        4.14978583333333      -0.163380081418861     
   5.33486750000000        4.44605625000000      -0.151775332222369     
   5.33486750000000        4.74232666666667      -0.141348166463860     
   5.33486750000000        5.03859708333333      -0.131986184643970     
   5.33486750000000        5.33486750000000      -0.123530888852081     
   5.33486750000000        5.63113791666667      -0.115983759557678     
   5.33486750000000        5.92740833333333      -0.109341452448816     
   5.33486750000000        6.22367875000000      -0.103540760578252     
   5.33486750000000        6.51994916666667      -9.842403652392238E-002
   5.33486750000000        6.81621958333333      -9.378307685140091E-002
   5.33486750000000        7.11249000000000      -8.943652443386914E-002
   5.63113791666667       2.000000000000000E-003 -0.353919865379323     
   5.63113791666667       0.298270416666667      -0.349948704626140     
   5.63113791666667       0.594540833333333      -0.339012754080416     
   5.63113791666667       0.890811250000000      -0.323397703797531     
   5.63113791666667        1.18708166666667      -0.305204834033960     
   5.63113791666667        1.48335208333333      -0.286204308619937     
   5.63113791666667        1.77962250000000      -0.267720547052960     
   5.63113791666667        2.07589291666667      -0.250427886276066     
   5.63113791666667        2.37216333333333      -0.234427105196564     
   5.63113791666667        2.66843375000000      -0.219657491844515     
   5.63113791666667        2.96470416666667      -0.205892642916188     
   5.63113791666667        3.26097458333333      -0.192814166981502     
   5.63113791666667        3.55724500000000      -0.180233027233818     
   5.63113791666667        3.85351541666667      -0.168181076883854     
   5.63113791666667        4.14978583333333      -0.156861214181570     
   5.63113791666667        4.44605625000000      -0.146466504564782     
   5.63113791666667        4.74232666666667      -0.136995109519768     
   5.63113791666667        5.03859708333333      -0.128391332029091     
   5.63113791666667        5.33486750000000      -0.120624298129176     
   5.63113791666667        5.63113791666667      -0.113677981871715     
   5.63113791666667        5.92740833333333      -0.107520324754502     
   5.63113791666667        6.22367875000000      -0.102081998481106     
   5.63113791666667        6.51994916666667      -9.722882147060029E-002
   5.63113791666667        6.81621958333333      -9.280067453204632E-002
   5.63113791666667        7.11249000000000      -8.866093137341548E-002
   5.92740833333333       2.000000000000000E-003 -0.326692620987792     
   5.92740833333333       0.298270416666667      -0.322632172750845     
   5.92740833333333       0.594540833333333      -0.312163912371836     
   5.92740833333333       0.890811250000000      -0.298062093222025     
   5.92740833333333        1.18708166666667      -0.282215383655699     
   5.92740833333333        1.48335208333333      -0.265791708004435     
   5.92740833333333        1.77962250000000      -0.249661459243686     
   5.92740833333333        2.07589291666667      -0.234415301351405     
   5.92740833333333        2.37216333333333      -0.220241672514764     
   5.92740833333333        2.66843375000000      -0.207048328788578     
   5.92740833333333        2.96470416666667      -0.194668838871789     
   5.92740833333333        3.26097458333333      -0.182912675456287     
   5.92740833333333        3.55724500000000      -0.171658632399535     
   5.92740833333333        3.85351541666667      -0.160915367415433     
   5.92740833333333        4.14978583333333      -0.150784455805127     
   5.92740833333333        4.44605625000000      -0.141367219880812     
   5.92740833333333        4.74232666666667      -0.132715867383295     
   5.92740833333333        5.03859708333333      -0.124845167711780     
   5.92740833333333        5.33486750000000      -0.117746359463321     
   5.92740833333333        5.63113791666667      -0.111390032975568     
   5.92740833333333        5.92740833333333      -0.105722983374716     
   5.92740833333333        6.22367875000000      -0.100649981855427     
   5.92740833333333        6.51994916666667      -9.604421212096323E-002
   5.92740833333333        6.81621958333333      -9.181390691423215E-002
   5.92740833333333        7.11249000000000      -8.790416723438595E-002
   6.22367875000000       2.000000000000000E-003 -0.303073839725612     
   6.22367875000000       0.298270416666667      -0.298425032577566     
   6.22367875000000       0.594540833333333      -0.287984763154626     
   6.22367875000000       0.890811250000000      -0.275358004410316     
   6.22367875000000        1.18708166666667      -0.261572596279163     
   6.22367875000000        1.48335208333333      -0.247275556071345     
   6.22367875000000        1.77962250000000      -0.233141386915733     
   6.22367875000000        2.07589291666667      -0.219637871585835     
   6.22367875000000        2.37216333333333      -0.207040875133174     
   6.22367875000000        2.66843375000000      -0.195305555582101     
   6.22367875000000        2.96470416666667      -0.184270019862038     
   6.22367875000000        3.26097458333333      -0.173779365056156     
   6.22367875000000        3.55724500000000      -0.163733737922290     
   6.22367875000000        3.85351541666667      -0.154118739949411     
   6.22367875000000        4.14978583333333      -0.144992631269062     
   6.22367875000000        4.44605625000000      -0.136444202221467     
   6.22367875000000        4.74232666666667      -0.128554989660760     
   6.22367875000000        5.03859708333333      -0.121377812332637     
   6.22367875000000        5.33486750000000      -0.114922317688964     
   6.22367875000000        5.63113791666667      -0.109150160185550     
   6.22367875000000        5.92740833333333      -0.103992309932410     
   6.22367875000000        6.22367875000000      -9.931181374358007E-002
   6.22367875000000        6.51994916666667      -9.493388715517284E-002
   6.22367875000000        6.81621958333333      -9.082024281967191E-002
   6.22367875000000        7.11249000000000      -8.713397173116461E-002
   6.51994916666667       2.000000000000000E-003 -0.282379221638543     
   6.51994916666667       0.298270416666667      -0.276467741100356     
   6.51994916666667       0.594540833333333      -0.266374885088427     
   6.51994916666667       0.890811250000000      -0.255423467463497     
   6.51994916666667        1.18708166666667      -0.243227065856955     
   6.51994916666667        1.48335208333333      -0.230454599227331     
   6.51994916666667        1.77962250000000      -0.217869168018447     
   6.51994916666667        2.07589291666667      -0.205870487592269     
   6.51994916666667        2.37216333333333      -0.194658047271455     
   6.51994916666667        2.66843375000000      -0.184266345416235     
   6.51994916666667        2.96470416666667      -0.174505164152961     
   6.51994916666667        3.26097458333333      -0.165212701034002     
   6.51994916666667        3.55724500000000      -0.156279834436737     
   6.51994916666667        3.85351541666667      -0.147673844105688     
   6.51994916666667        4.14978583333333      -0.139439987891149     
   6.51994916666667        4.44605625000000      -0.131674139675090     
   6.51994916666667        4.74232666666667      -0.124483070803246     
   6.51994916666667        5.03859708333333      -0.117947450991615     
   6.51994916666667        5.33486750000000      -0.112097583205315     
   6.51994916666667        5.63113791666667      -0.106904683994431     
   6.51994916666667        5.92740833333333      -0.102296390874599     
   6.51994916666667        6.22367875000000      -9.810035214662435E-002
   6.51994916666667        6.51994916666667      -9.401866126153280E-002
   6.51994916666667        6.81621958333333      -8.991314998806983E-002
   6.51994916666667        7.11249000000000      -8.638856470748159E-002
   6.81621958333333       2.000000000000000E-003 -0.262499933132919     
   6.81621958333333       0.298270416666667      -0.256560977758702     
   6.81621958333333       0.594540833333333      -0.248307854795983     
   6.81621958333333       0.890811250000000      -0.238141581919487     
   6.81621958333333        1.18708166666667      -0.226572380095897     
   6.81621958333333        1.48335208333333      -0.214784912635816     
   6.81621958333333        1.77962250000000      -0.203444716471789     
   6.81621958333333        2.07589291666667      -0.192794346415240     
   6.81621958333333        2.37216333333333      -0.182902056436880     
   6.81621958333333        2.66843375000000      -0.173774733448935     
   6.81621958333333        2.96470416666667      -0.165211294754013     
   6.81621958333333        3.26097458333333      -0.157038062044439     
   6.81621958333333        3.55724500000000      -0.149131206991227     
   6.81621958333333        3.85351541666667      -0.141443647946736     
   6.81621958333333        4.14978583333333      -0.134019129733772     
   6.81621958333333        4.44605625000000      -0.126966456282909     
   6.81621958333333        4.74232666666667      -0.120413146190461     
   6.81621958333333        5.03859708333333      -0.114463607977539     
   6.81621958333333        5.33486750000000      -0.109164947523231     
   6.81621958333333        5.63113791666667      -0.104514469951819     
   6.81621958333333        5.92740833333333      -0.100457966420475     
   6.81621958333333        6.22367875000000      -9.684085488048894E-002
   6.81621958333333        6.51994916666667      -9.330552184656117E-002
   6.81621958333333        6.81621958333333      -8.932044705053470E-002
   6.81621958333333        7.11249000000000      -8.567626701236891E-002
   7.11249000000000       2.000000000000000E-003 -0.238467909107752     
   7.11249000000000       0.298270416666667      -0.238980093780029     
   7.11249000000000       0.594540833333333      -0.231713775332105     
   7.11249000000000       0.890811250000000      -0.221259172208046     
   7.11249000000000        1.18708166666667      -0.210250454607914     
   7.11249000000000        1.48335208333333      -0.199554572561259     
   7.11249000000000        1.77962250000000      -0.189512374291627     
   7.11249000000000        2.07589291666667      -0.180218659320259     
   7.11249000000000        2.37216333333333      -0.171650263710923     
   7.11249000000000        2.66843375000000      -0.163729548262862     
   7.11249000000000        2.96470416666667      -0.156278094535538     
   7.11249000000000        3.26097458333333      -0.149130650883854     
   7.11249000000000        3.55724500000000      -0.142158336913905     
   7.11249000000000        3.85351541666667      -0.135307159275364     
   7.11249000000000        4.14978583333333      -0.128623360089310     
   7.11249000000000        4.44605625000000      -0.122226734345661     
   7.11249000000000        4.74232666666667      -0.116258013573162     
   7.11249000000000        5.03859708333333      -0.110832355882664     
   7.11249000000000        5.33486750000000      -0.106016857874298     
   7.11249000000000        5.63113791666667      -0.101820765351170     
   7.11249000000000        5.92740833333333      -9.820682282526537E-002
   7.11249000000000        6.22367875000000      -9.505254376414796E-002
   7.11249000000000        6.51994916666667      -9.204839720994458E-002
   7.11249000000000        6.81621958333333      -8.842788821048882E-002
   7.11249000000000        7.11249000000000      -8.397931976590715E-002
