  2.000000000000000E-003  2.000000000000000E-003 -0.593497744497769     
  2.000000000000000E-003  0.298270416666667      -0.583803453808283     
  2.000000000000000E-003  0.594540833333333      -0.538017989179497     
  2.000000000000000E-003  0.890811250000000      -0.470132380347991     
  2.000000000000000E-003   1.18708166666667      -0.408169212999764     
  2.000000000000000E-003   1.48335208333333      -0.358670906786369     
  2.000000000000000E-003   1.77962250000000      -0.319764737749457     
  2.000000000000000E-003   2.07589291666667      -0.288552805744215     
  2.000000000000000E-003   2.37216333333333      -0.262666808249066     
  2.000000000000000E-003   2.66843375000000      -0.240704734161359     
  2.000000000000000E-003   2.96470416666667      -0.221625501154754     
  2.000000000000000E-003   3.26097458333333      -0.204709677717068     
  2.000000000000000E-003   3.55724500000000      -0.189489293695681     
  2.000000000000000E-003   3.85351541666667      -0.175694757277181     
  2.000000000000000E-003   4.14978583333333      -0.163204144613177     
  2.000000000000000E-003   4.44605625000000      -0.151966115497096     
  2.000000000000000E-003   4.74232666666667      -0.141943202903643     
  2.000000000000000E-003   5.03859708333333      -0.133105065843811     
  2.000000000000000E-003   5.33486750000000      -0.125504243173481     
  2.000000000000000E-003   5.63113791666667      -0.119123519846242     
  2.000000000000000E-003   5.92740833333333      -0.113882897406847     
  2.000000000000000E-003   6.22367875000000      -0.109559383567791     
  2.000000000000000E-003   6.51994916666667      -0.105486114682440     
  2.000000000000000E-003   6.81621958333333      -0.100063618360963     
  2.000000000000000E-003   7.11249000000000      -9.367427189007890E-002
  0.298270416666667       2.000000000000000E-003 -0.721400237147520     
  0.298270416666667       0.298270416666667      -0.637160936383049     
  0.298270416666667       0.594540833333333      -0.569308319417232     
  0.298270416666667       0.890811250000000      -0.504117202578745     
  0.298270416666667        1.18708166666667      -0.440645683756992     
  0.298270416666667        1.48335208333333      -0.386960268742328     
  0.298270416666667        1.77962250000000      -0.343428923650312     
  0.298270416666667        2.07589291666667      -0.307786965429356     
  0.298270416666667        2.37216333333333      -0.277944220319858     
  0.298270416666667        2.66843375000000      -0.252969087751239     
  0.298270416666667        2.96470416666667      -0.231522889478723     
  0.298270416666667        3.26097458333333      -0.212712238259342     
  0.298270416666667        3.55724500000000      -0.195983512527914     
  0.298270416666667        3.85351541666667      -0.181009681872370     
  0.298270416666667        4.14978583333333      -0.167608368304714     
  0.298270416666667        4.44605625000000      -0.155662328187923     
  0.298270416666667        4.74232666666667      -0.145069902903617     
  0.298270416666667        5.03859708333333      -0.135744998029461     
  0.298270416666667        5.33486750000000      -0.127699615278021     
  0.298270416666667        5.63113791666667      -0.120893227869683     
  0.298270416666667        5.92740833333333      -0.115199341255301     
  0.298270416666667        6.22367875000000      -0.110306305282699     
  0.298270416666667        6.51994916666667      -0.105487435693712     
  0.298270416666667        6.81621958333333      -9.997795380101329E-002
  0.298270416666667        7.11249000000000      -9.527528578394349E-002
  0.594540833333333       2.000000000000000E-003 -0.789816598477218     
  0.594540833333333       0.298270416666667      -0.717983118511762     
  0.594540833333333       0.594540833333333      -0.617467485818529     
  0.594540833333333       0.890811250000000      -0.538306665294598     
  0.594540833333333        1.18708166666667      -0.470158177265171     
  0.594540833333333        1.48335208333333      -0.412198806751877     
  0.594540833333333        1.77962250000000      -0.364268938774425     
  0.594540833333333        2.07589291666667      -0.324531771928821     
  0.594540833333333        2.37216333333333      -0.291314137774971     
  0.594540833333333        2.66843375000000      -0.263693859716688     
  0.594540833333333        2.96470416666667      -0.240131140668495     
  0.594540833333333        3.26097458333333      -0.219636235060207     
  0.594540833333333        3.55724500000000      -0.201580324697877     
  0.594540833333333        3.85351541666667      -0.185571202565224     
  0.594540833333333        4.14978583333333      -0.171361324718150     
  0.594540833333333        4.44605625000000      -0.158772611991608     
  0.594540833333333        4.74232666666667      -0.147650907210243     
  0.594540833333333        5.03859708333333      -0.137855577058894     
  0.594540833333333        5.33486750000000      -0.129343438499848     
  0.594540833333333        5.63113791666667      -0.122037281850963     
  0.594540833333333        5.92740833333333      -0.115756596145124     
  0.594540833333333        6.22367875000000      -0.110156675886381     
  0.594540833333333        6.51994916666667      -0.104756601325126     
  0.594540833333333        6.81621958333333      -9.958741253666076E-002
  0.594540833333333        7.11249000000000      -9.527360359252909E-002
  0.890811250000000       2.000000000000000E-003 -0.827154815764982     
  0.890811250000000       0.298270416666667      -0.776691353591782     
  0.890811250000000       0.594540833333333      -0.676333019378133     
  0.890811250000000       0.890811250000000      -0.580617411366156     
  0.890811250000000        1.18708166666667      -0.500604749468436     
  0.890811250000000        1.48335208333333      -0.435070731048481     
  0.890811250000000        1.77962250000000      -0.381717169338408     
  0.890811250000000        2.07589291666667      -0.337964915300178     
  0.890811250000000        2.37216333333333      -0.302122338986571     
  0.890811250000000        2.66843375000000      -0.272363815917721     
  0.890811250000000        2.96470416666667      -0.247109013082473     
  0.890811250000000        3.26097458333333      -0.225301871364576     
  0.890811250000000        3.55724500000000      -0.206225029580858     
  0.890811250000000        3.85351541666667      -0.189400243765711     
  0.890811250000000        4.14978583333333      -0.174514938168051     
  0.890811250000000        4.44605625000000      -0.161352185109266     
  0.890811250000000        4.74232666666667      -0.149735035346466     
  0.890811250000000        5.03859708333333      -0.139501572477060     
  0.890811250000000        5.33486750000000      -0.130538355509192     
  0.890811250000000        5.63113791666667      -0.122767815321122     
  0.890811250000000        5.92740833333333      -0.116008365057642     
  0.890811250000000        6.22367875000000      -0.110003612961306     
  0.890811250000000        6.51994916666667      -0.104513818566889     
  0.890811250000000        6.81621958333333      -9.953225885814873E-002
  0.890811250000000        7.11249000000000      -9.501266112305518E-002
   1.18708166666667       2.000000000000000E-003 -0.829493030332789     
   1.18708166666667       0.298270416666667      -0.793079347819329     
   1.18708166666667       0.594540833333333      -0.707289047963699     
   1.18708166666667       0.890811250000000      -0.610846241038316     
   1.18708166666667        1.18708166666667      -0.524321312018081     
   1.18708166666667        1.48335208333333      -0.452476429627766     
   1.18708166666667        1.77962250000000      -0.394366114674531     
   1.18708166666667        2.07589291666667      -0.347673858862625     
   1.18708166666667        2.37216333333333      -0.309924778198954     
   1.18708166666667        2.66843375000000      -0.278652620406126     
   1.18708166666667        2.96470416666667      -0.252276202081886     
   1.18708166666667        3.26097458333333      -0.229666043161483     
   1.18708166666667        3.55724500000000      -0.209977153889835     
   1.18708166666667        3.85351541666667      -0.192608419987807     
   1.18708166666667        4.14978583333333      -0.177186448557415     
   1.18708166666667        4.44605625000000      -0.163500902439416     
   1.18708166666667        4.74232666666667      -0.151404934515747     
   1.18708166666667        5.03859708333333      -0.140752179646939     
   1.18708166666667        5.33486750000000      -0.131394674043108     
   1.18708166666667        5.63113791666667      -0.123240537672143     
   1.18708166666667        5.92740833333333      -0.116143075976655     
   1.18708166666667        6.22367875000000      -0.109910339335702     
   1.18708166666667        6.51994916666667      -0.104357564044078     
   1.18708166666667        6.81621958333333      -9.933243476675280E-002
   1.18708166666667        7.11249000000000      -9.462553757569968E-002
   1.48335208333333       2.000000000000000E-003 -0.801117871751230     
   1.48335208333333       0.298270416666667      -0.773990154614192     
   1.48335208333333       0.594540833333333      -0.704087077927027     
   1.48335208333333       0.890811250000000      -0.617581403395637     
   1.48335208333333        1.18708166666667      -0.533192529555290     
   1.48335208333333        1.48335208333333      -0.460090299845124     
   1.48335208333333        1.77962250000000      -0.400504510625529     
   1.48335208333333        2.07589291666667      -0.353057327146433     
   1.48335208333333        2.37216333333333      -0.314410264297684     
   1.48335208333333        2.66843375000000      -0.282431422568130     
   1.48335208333333        2.96470416666667      -0.255643262964262     
   1.48335208333333        3.26097458333333      -0.232843763891652     
   1.48335208333333        3.55724500000000      -0.213023613501211     
   1.48335208333333        3.85351541666667      -0.195398588690597     
   1.48335208333333        4.14978583333333      -0.179537744189410     
   1.48335208333333        4.44605625000000      -0.165319858734308     
   1.48335208333333        4.74232666666667      -0.152729397916829     
   1.48335208333333        5.03859708333333      -0.141668921246492     
   1.48335208333333        5.33486750000000      -0.131982281477090     
   1.48335208333333        5.63113791666667      -0.123522324664620     
   1.48335208333333        5.92740833333333      -0.116168064858250     
   1.48335208333333        6.22367875000000      -0.109755399585266     
   1.48335208333333        6.51994916666667      -0.104088259445299     
   1.48335208333333        6.81621958333333      -9.895262814296417E-002
   1.48335208333333        7.11249000000000      -9.412999681306031E-002
   1.77962250000000       2.000000000000000E-003 -0.750539966620832     
   1.77962250000000       0.298270416666667      -0.730268920886920     
   1.77962250000000       0.594540833333333      -0.674311596035058     
   1.77962250000000       0.890811250000000      -0.600519207626928     
   1.77962250000000        1.18708166666667      -0.524421658366400     
   1.77962250000000        1.48335208333333      -0.456198199783919     
   1.77962250000000        1.77962250000000      -0.400047681405872     
   1.77962250000000        2.07589291666667      -0.353776591993873     
   1.77962250000000        2.37216333333333      -0.315529809987967     
   1.77962250000000        2.66843375000000      -0.283767779110949     
   1.77962250000000        2.96470416666667      -0.257286083988620     
   1.77962250000000        3.26097458333333      -0.234938296372209     
   1.77962250000000        3.55724500000000      -0.215467740789140     
   1.77962250000000        3.85351541666667      -0.197845624539414     
   1.77962250000000        4.14978583333333      -0.181607651219210     
   1.77962250000000        4.44605625000000      -0.166836609415153     
   1.77962250000000        4.74232666666667      -0.153709788580370     
   1.77962250000000        5.03859708333333      -0.142268854403021     
   1.77962250000000        5.33486750000000      -0.132308284040143     
   1.77962250000000        5.63113791666667      -0.123625753915550     
   1.77962250000000        5.92740833333333      -0.116071394757405     
   1.77962250000000        6.22367875000000      -0.109501493946468     
   1.77962250000000        6.51994916666667      -0.103714451004402     
   1.77962250000000        6.81621958333333      -9.848377590292919E-002
   1.77962250000000        7.11249000000000      -9.360171705881691E-002
   2.07589291666667       2.000000000000000E-003 -0.684181110586220     
   2.07589291666667       0.298270416666667      -0.667761899739939     
   2.07589291666667       0.594540833333333      -0.624366649348460     
   2.07589291666667       0.890811250000000      -0.564283457076718     
   2.07589291666667        1.18708166666667      -0.502070559484256     
   2.07589291666667        1.48335208333333      -0.444284918006062     
   2.07589291666667        1.77962250000000      -0.393400088876743     
   2.07589291666667        2.07589291666667      -0.349983465305058     
   2.07589291666667        2.37216333333333      -0.313341105635950     
   2.07589291666667        2.66843375000000      -0.282618088245273     
   2.07589291666667        2.96470416666667      -0.257157361375369     
   2.07589291666667        3.26097458333333      -0.235996280128463     
   2.07589291666667        3.55724500000000      -0.217474985024271     
   2.07589291666667        3.85351541666667      -0.200032163289323     
   2.07589291666667        4.14978583333333      -0.183327373914440     
   2.07589291666667        4.44605625000000      -0.167944563028488     
   2.07589291666667        4.74232666666667      -0.154324495706868     
   2.07589291666667        5.03859708333333      -0.142524697670242     
   2.07589291666667        5.33486750000000      -0.132379261362769     
   2.07589291666667        5.63113791666667      -0.123543887583565     
   2.07589291666667        5.92740833333333      -0.115845777401406     
   2.07589291666667        6.22367875000000      -0.109148324312542     
   2.07589291666667        6.51994916666667      -0.103266998366472     
   2.07589291666667        6.81621958333333      -9.797981826001186E-002
   2.07589291666667        7.11249000000000      -9.308061971912526E-002
   2.37216333333333       2.000000000000000E-003 -0.610320918639493     
   2.37216333333333       0.298270416666667      -0.599065217103981     
   2.37216333333333       0.594540833333333      -0.568131485709045     
   2.37216333333333       0.890811250000000      -0.524333813752166     
   2.37216333333333        1.18708166666667      -0.475038758918935     
   2.37216333333333        1.48335208333333      -0.426063443104427     
   2.37216333333333        1.77962250000000      -0.381255792421959     
   2.37216333333333        2.07589291666667      -0.341924657186307     
   2.37216333333333        2.37216333333333      -0.307911384426202     
   2.37216333333333        2.66843375000000      -0.279009346813172     
   2.37216333333333        2.96470416666667      -0.255182837546841     
   2.37216333333333        3.26097458333333      -0.235998348717822     
   2.37216333333333        3.55724500000000      -0.219174246812781     
   2.37216333333333        3.85351541666667      -0.201969843236375     
   2.37216333333333        4.14978583333333      -0.184526605423966     
   2.37216333333333        4.44605625000000      -0.168512916339474     
   2.37216333333333        4.74232666666667      -0.154556258318009     
   2.37216333333333        5.03859708333333      -0.142526050257969     
   2.37216333333333        5.33486750000000      -0.132196127285626     
   2.37216333333333        5.63113791666667      -0.123278401552755     
   2.37216333333333        5.92740833333333      -0.115475796541170     
   2.37216333333333        6.22367875000000      -0.108687532823143     
   2.37216333333333        6.51994916666667      -0.102749993628452     
   2.37216333333333        6.81621958333333      -9.744462771846571E-002
   2.37216333333333        7.11249000000000      -9.256513016981324E-002
   2.66843375000000       2.000000000000000E-003 -0.549523015697066     
   2.66843375000000       0.298270416666667      -0.541246316275267     
   2.66843375000000       0.594540833333333      -0.517918364209739     
   2.66843375000000       0.890811250000000      -0.483583135740224     
   2.66843375000000        1.18708166666667      -0.443398466748771     
   2.66843375000000        1.48335208333333      -0.402401170915483     
   2.66843375000000        1.77962250000000      -0.364304633658364     
   2.66843375000000        2.07589291666667      -0.330113137894831     
   2.66843375000000        2.37216333333333      -0.299902778461527     
   2.66843375000000        2.66843375000000      -0.273568753082544     
   2.66843375000000        2.96470416666667      -0.251506714001924     
   2.66843375000000        3.26097458333333      -0.234685200554814     
   2.66843375000000        3.55724500000000      -0.220496019248021     
   2.66843375000000        3.85351541666667      -0.203280146413849     
   2.66843375000000        4.14978583333333      -0.184809408664638     
   2.66843375000000        4.44605625000000      -0.168524674885525     
   2.66843375000000        4.74232666666667      -0.154519171862873     
   2.66843375000000        5.03859708333333      -0.142349398496949     
   2.66843375000000        5.33486750000000      -0.131837919270450     
   2.66843375000000        5.63113791666667      -0.122797234416126     
   2.66843375000000        5.92740833333333      -0.114923067228006     
   2.66843375000000        6.22367875000000      -0.108082288565844     
   2.66843375000000        6.51994916666667      -0.102126795909656     
   2.66843375000000        6.81621958333333      -9.683859764862700E-002
   2.66843375000000        7.11249000000000      -9.200213424712800E-002
   2.96470416666667       2.000000000000000E-003 -0.492411753569577     
   2.96470416666667       0.298270416666667      -0.485967869591450     
   2.96470416666667       0.594540833333333      -0.467651243452078     
   2.96470416666667       0.890811250000000      -0.440312716077202     
   2.96470416666667        1.18708166666667      -0.407916632469315     
   2.96470416666667        1.48335208333333      -0.374811051380245     
   2.96470416666667        1.77962250000000      -0.343765927479597     
   2.96470416666667        2.07589291666667      -0.315599411794004     
   2.96470416666667        2.37216333333333      -0.290420623327604     
   2.96470416666667        2.66843375000000      -0.267750268087842     
   2.96470416666667        2.96470416666667      -0.247293288238806     
   2.96470416666667        3.26097458333333      -0.231458652628129     
   2.96470416666667        3.55724500000000      -0.220511061861035     
   2.96470416666667        3.85351541666667      -0.202773846048824     
   2.96470416666667        4.14978583333333      -0.184105568026837     
   2.96470416666667        4.44605625000000      -0.168484821120325     
   2.96470416666667        4.74232666666667      -0.154469420949664     
   2.96470416666667        5.03859708333333      -0.141987400133953     
   2.96470416666667        5.33486750000000      -0.131203298922435     
   2.96470416666667        5.63113791666667      -0.122004562424236     
   2.96470416666667        5.92740833333333      -0.114087150366138     
   2.96470416666667        6.22367875000000      -0.107249636193661     
   2.96470416666667        6.51994916666667      -0.101329705647961     
   2.96470416666667        6.81621958333333      -9.609961091695310E-002
   2.96470416666667        7.11249000000000      -9.133267227225227E-002
   3.26097458333333       2.000000000000000E-003 -0.436677747141873     
   3.26097458333333       0.298270416666667      -0.431676259149279     
   3.26097458333333       0.594540833333333      -0.417474615210301     
   3.26097458333333       0.890811250000000      -0.396231615093061     
   3.26097458333333        1.18708166666667      -0.371033019881707     
   3.26097458333333        1.48335208333333      -0.345391335739919     
   3.26097458333333        1.77962250000000      -0.321300005472429     
   3.26097458333333        2.07589291666667      -0.299333475165016     
   3.26097458333333        2.37216333333333      -0.279787339408217     
   3.26097458333333        2.66843375000000      -0.262238660512782     
   3.26097458333333        2.96470416666667      -0.245138458712322     
   3.26097458333333        3.26097458333333      -0.227201560078516     
   3.26097458333333        3.55724500000000      -0.215948559940268     
   3.26097458333333        3.85351541666667      -0.199641630308927     
   3.26097458333333        4.14978583333333      -0.184238153868674     
   3.26097458333333        4.44605625000000      -0.168872584096143     
   3.26097458333333        4.74232666666667      -0.154054753256691     
   3.26097458333333        5.03859708333333      -0.141001971590391     
   3.26097458333333        5.33486750000000      -0.129965221456724     
   3.26097458333333        5.63113791666667      -0.120709679041611     
   3.26097458333333        5.92740833333333      -0.112828997032269     
   3.26097458333333        6.22367875000000      -0.106084341622343     
   3.26097458333333        6.51994916666667      -0.100274378039526     
   3.26097458333333        6.81621958333333      -9.515580142238000E-002
   3.26097458333333        7.11249000000000      -9.049334180720010E-002
   3.55724500000000       2.000000000000000E-003 -0.384921153158561     
   3.55724500000000       0.298270416666667      -0.381160240289444     
   3.55724500000000       0.594540833333333      -0.370527157628494     
   3.55724500000000       0.890811250000000      -0.354633065369533     
   3.55724500000000        1.18708166666667      -0.335770880739232     
   3.55724500000000        1.48335208333333      -0.316599805441998     
   3.55724500000000        1.77962250000000      -0.298368406051826     
   3.55724500000000        2.07589291666667      -0.281607198951136     
   3.55724500000000        2.37216333333333      -0.266558593570420     
   3.55724500000000        2.66843375000000      -0.253032381420726     
   3.55724500000000        2.96470416666667      -0.239940812334937     
   3.55724500000000        3.26097458333333      -0.224338231411228     
   3.55724500000000        3.55724500000000      -0.205595347220499     
   3.55724500000000        3.85351541666667      -0.195298366976938     
   3.55724500000000        4.14978583333333      -0.182123426196491     
   3.55724500000000        4.44605625000000      -0.166273677284708     
   3.55724500000000        4.74232666666667      -0.151325903502675     
   3.55724500000000        5.03859708333333      -0.138451270075982     
   3.55724500000000        5.33486750000000      -0.127673554922083     
   3.55724500000000        5.63113791666667      -0.118678458652386     
   3.55724500000000        5.92740833333333      -0.111035648466922     
   3.55724500000000        6.22367875000000      -0.104512801325685     
   3.55724500000000        6.51994916666667      -9.890191099792253E-002
   3.55724500000000        6.81621958333333      -9.395475232305922E-002
   3.55724500000000        7.11249000000000      -8.943639122064459E-002
   3.85351541666667       2.000000000000000E-003 -0.340181394589900     
   3.85351541666667       0.298270416666667      -0.337461632084574     
   3.85351541666667       0.594540833333333      -0.329756834403787     
   3.85351541666667       0.890811250000000      -0.318176754520336     
   3.85351541666667        1.18708166666667      -0.304311258300736     
   3.85351541666667        1.48335208333333      -0.290007679125366     
   3.85351541666667        1.77962250000000      -0.276116725111569     
   3.85351541666667        2.07589291666667      -0.262816404522575     
   3.85351541666667        2.37216333333333      -0.250130809585289     
   3.85351541666667        2.66843375000000      -0.237415863293712     
   3.85351541666667        2.96470416666667      -0.223751640454762     
   3.85351541666667        3.26097458333333      -0.211364674668493     
   3.85351541666667        3.55724500000000      -0.199844321610234     
   3.85351541666667        3.85351541666667      -0.179748388605172     
   3.85351541666667        4.14978583333333      -0.168121248101348     
   3.85351541666667        4.44605625000000      -0.156888186095585     
   3.85351541666667        4.74232666666667      -0.144994217638682     
   3.85351541666667        5.03859708333333      -0.133890611465595     
   3.85351541666667        5.33486750000000      -0.124182402039482     
   3.85351541666667        5.63113791666667      -0.115872237544874     
   3.85351541666667        5.92740833333333      -0.108706796332106     
   3.85351541666667        6.22367875000000      -0.102542720784277     
   3.85351541666667        6.51994916666667      -9.721517332014172E-002
   3.85351541666667        6.81621958333333      -9.249252348030727E-002
   3.85351541666667        7.11249000000000      -8.815355030832017E-002
   4.14978583333333       2.000000000000000E-003 -0.303702231305460     
   4.14978583333333       0.298270416666667      -0.301746618810062     
   4.14978583333333       0.594540833333333      -0.296158986082783     
   4.14978583333333       0.890811250000000      -0.287647293344486     
   4.14978583333333        1.18708166666667      -0.277250119925633     
   4.14978583333333        1.48335208333333      -0.266191784363941     
   4.14978583333333        1.77962250000000      -0.255049784617694     
   4.14978583333333        2.07589291666667      -0.243865949504853     
   4.14978583333333        2.37216333333333      -0.232564315145921     
   4.14978583333333        2.66843375000000      -0.220824911678497     
   4.14978583333333        2.96470416666667      -0.209272832107844     
   4.14978583333333        3.26097458333333      -0.200940183061791     
   4.14978583333333        3.55724500000000      -0.190643782414514     
   4.14978583333333        3.85351541666667      -0.170515232929766     
   4.14978583333333        4.14978583333333      -0.155875988156132     
   4.14978583333333        4.44605625000000      -0.146268595721131     
   4.14978583333333        4.74232666666667      -0.137155617150583     
   4.14978583333333        5.03859708333333      -0.128191528752079     
   4.14978583333333        5.33486750000000      -0.119905533138917     
   4.14978583333333        5.63113791666667      -0.112524202675703     
   4.14978583333333        5.92740833333333      -0.105986411897313     
   4.14978583333333        6.22367875000000      -0.100274121498092     
   4.14978583333333        6.51994916666667      -9.528688217884673E-002
   4.14978583333333        6.81621958333333      -9.082282566453691E-002
   4.14978583333333        7.11249000000000      -8.668615206869001E-002
   4.44605625000000       2.000000000000000E-003 -0.274514842200039     
   4.44605625000000       0.298270416666667      -0.273031412634977     
   4.44605625000000       0.594540833333333      -0.268755004493679     
   4.44605625000000       0.890811250000000      -0.262147285214062     
   4.44605625000000        1.18708166666667      -0.253892051169805     
   4.44605625000000        1.48335208333333      -0.244780467927003     
   4.44605625000000        1.77962250000000      -0.235356461858773     
   4.44605625000000        2.07589291666667      -0.225622085624525     
   4.44605625000000        2.37216333333333      -0.215677687136326     
   4.44605625000000        2.66843375000000      -0.205749031634375     
   4.44605625000000        2.96470416666667      -0.196640787540957     
   4.44605625000000        3.26097458333333      -0.188799862442834     
   4.44605625000000        3.55724500000000      -0.178299983456082     
   4.44605625000000        3.85351541666667      -0.162756976020277     
   4.44605625000000        4.14978583333333      -0.148701497302392     
   4.44605625000000        4.44605625000000      -0.138600057687306     
   4.44605625000000        4.74232666666667      -0.130295797915737     
   4.44605625000000        5.03859708333333      -0.122628748126252     
   4.44605625000000        5.33486750000000      -0.115508244991436     
   4.44605625000000        5.63113791666667      -0.109001381588849     
   4.44605625000000        5.92740833333333      -0.103092016675305     
   4.44605625000000        6.22367875000000      -9.785797476583021E-002
   4.44605625000000        6.51994916666667      -9.323153171936231E-002
   4.44605625000000        6.81621958333333      -8.903869695543375E-002
   4.44605625000000        7.11249000000000      -8.511447235426783E-002
   4.74232666666667       2.000000000000000E-003 -0.250608794042778     
   4.74232666666667       0.298270416666667      -0.249365066812607     
   4.74232666666667       0.594540833333333      -0.245773153202622     
   4.74232666666667       0.890811250000000      -0.240205675020148     
   4.74232666666667        1.18708166666667      -0.233184439347323     
   4.74232666666667        1.48335208333333      -0.225282019616682     
   4.74232666666667        1.77962250000000      -0.216992800782045     
   4.74232666666667        2.07589291666667      -0.208453621155743     
   4.74232666666667        2.37216333333333      -0.199837717594602     
   4.74232666666667        2.66843375000000      -0.191444126578664     
   4.74232666666667        2.96470416666667      -0.183553055094830     
   4.74232666666667        3.26097458333333      -0.175688113570968     
   4.74232666666667        3.55724500000000      -0.166021091399404     
   4.74232666666667        3.85351541666667      -0.154063496003185     
   4.74232666666667        4.14978583333333      -0.142347955295206     
   4.74232666666667        4.44605625000000      -0.132692617221607     
   4.74232666666667        4.74232666666667      -0.124737658018613     
   4.74232666666667        5.03859708333333      -0.117753836284994     
   4.74232666666667        5.33486750000000      -0.111411058897601     
   4.74232666666667        5.63113791666667      -0.105560682974012     
   4.74232666666667        5.92740833333333      -0.100205023134985     
   4.74232666666667        6.22367875000000      -9.542736759826681E-002
   4.74232666666667        6.51994916666667      -9.115427529393275E-002
   4.74232666666667        6.81621958333333      -8.723418234742793E-002
   4.74232666666667        7.11249000000000      -8.353005461755651E-002
   5.03859708333333       2.000000000000000E-003 -0.230502055908107     
   5.03859708333333       0.298270416666667      -0.229318540130893     
   5.03859708333333       0.594540833333333      -0.225961099495143     
   5.03859708333333       0.890811250000000      -0.220853125237181     
   5.03859708333333        1.18708166666667      -0.214536726639144     
   5.03859708333333        1.48335208333333      -0.207488655906044     
   5.03859708333333        1.77962250000000      -0.200103587968872     
   5.03859708333333        2.07589291666667      -0.192641420369525     
   5.03859708333333        2.37216333333333      -0.185204535777022     
   5.03859708333333        2.66843375000000      -0.177954528558310     
   5.03859708333333        2.96470416666667      -0.170860392826880     
   5.03859708333333        3.26097458333333      -0.163457320284599     
   5.03859708333333        3.55724500000000      -0.154989382902160     
   5.03859708333333        3.85351541666667      -0.145429371287677     
   5.03859708333333        4.14978583333333      -0.135853730822480     
   5.03859708333333        4.44605625000000      -0.127283460126079     
   5.03859708333333        4.74232666666667      -0.119912461624126     
   5.03859708333333        5.03859708333333      -0.113468710986362     
   5.03859708333333        5.33486750000000      -0.107655102184908     
   5.03859708333333        5.63113791666667      -0.102283030115524     
   5.03859708333333        5.92740833333333      -9.740871935680817E-002
   5.03859708333333        6.22367875000000      -9.304021611719554E-002
   5.03859708333333        6.51994916666667      -8.910193227609320E-002
   5.03859708333333        6.81621958333333      -8.547300016427899E-002
   5.03859708333333        7.11249000000000      -8.201414152730051E-002
   5.33486750000000       2.000000000000000E-003 -0.213386290015112     
   5.33486750000000       0.298270416666667      -0.212197940479212     
   5.33486750000000       0.594540833333333      -0.208833293636321     
   5.33486750000000       0.890811250000000      -0.203887797378530     
   5.33486750000000        1.18708166666667      -0.197981080503412     
   5.33486750000000        1.48335208333333      -0.191602347093356     
   5.33486750000000        1.77962250000000      -0.185057112234383     
   5.33486750000000        2.07589291666667      -0.178522731165621     
   5.33486750000000        2.37216333333333      -0.172086156528975     
   5.33486750000000        2.66843375000000      -0.165743342293255     
   5.33486750000000        2.96470416666667      -0.159374530121392     
   5.33486750000000        3.26097458333333      -0.152673012357268     
   5.33486750000000        3.55724500000000      -0.145327857217660     
   5.33486750000000        3.85351541666667      -0.137413928888974     
   5.33486750000000        4.14978583333333      -0.129461278468133     
   5.33486750000000        4.44605625000000      -0.122044429110958     
   5.33486750000000        4.74232666666667      -0.115409460436744     
   5.33486750000000        5.03859708333333      -0.109485257220186     
   5.33486750000000        5.33486750000000      -0.104084318144143     
   5.33486750000000        5.63113791666667      -9.915643055367332E-002
   5.33486750000000        5.92740833333333      -9.468759502940831E-002
   5.33486750000000        6.22367875000000      -9.069817015734967E-002
   5.33486750000000        6.51994916666667      -8.712817367724406E-002
   5.33486750000000        6.81621958333333      -8.383509839376785E-002
   5.33486750000000        7.11249000000000      -8.065490519702294E-002
   5.63113791666667       2.000000000000000E-003 -0.198690630439868     
   5.63113791666667       0.298270416666667      -0.197432086096300     
   5.63113791666667       0.594540833333333      -0.193993625306922     
   5.63113791666667       0.890811250000000      -0.189156787717236     
   5.63113791666667        1.18708166666667      -0.183618765077020     
   5.63113791666667        1.48335208333333      -0.177837555326137     
   5.63113791666667        1.77962250000000      -0.172032125374414     
   5.63113791666667        2.07589291666667      -0.166297952018840     
   5.63113791666667        2.37216333333333      -0.160649131038331     
   5.63113791666667        2.66843375000000      -0.155027791532059     
   5.63113791666667        2.96470416666667      -0.149296414405827     
   5.63113791666667        3.26097458333333      -0.143285554596176     
   5.63113791666667        3.55724500000000      -0.136869770473183     
   5.63113791666667        3.85351541666667      -0.130137519868383     
   5.63113791666667        4.14978583333333      -0.123384829754006     
   5.63113791666667        4.44605625000000      -0.116955346405238     
   5.63113791666667        4.74232666666667      -0.111020838639048     
   5.63113791666667        5.03859708333333      -0.105610753905776     
   5.63113791666667        5.33486750000000      -0.100675202347326     
   5.63113791666667        5.63113791666667      -9.614977263702180E-002
   5.63113791666667        5.92740833333333      -9.206230408211877E-002
   5.63113791666667        6.22367875000000      -8.844656020087147E-002
   5.63113791666667        6.51994916666667      -8.526507282494929E-002
   5.63113791666667        6.81621958333333      -8.236018712533444E-002
   5.63113791666667        7.11249000000000      -7.948665864448506E-002
   5.92740833333333       2.000000000000000E-003 -0.185995911397585     
   5.92740833333333       0.298270416666667      -0.184621261971694     
   5.92740833333333       0.594540833333333      -0.181065213835720     
   5.92740833333333       0.890811250000000      -0.176350378511976     
   5.92740833333333        1.18708166666667      -0.171210279372826     
   5.92740833333333        1.48335208333333      -0.165997546896461     
   5.92740833333333        1.77962250000000      -0.160832104905013     
   5.92740833333333        2.07589291666667      -0.155727563444088     
   5.92740833333333        2.37216333333333      -0.150676493833549     
   5.92740833333333        2.66843375000000      -0.145621262781026     
   5.92740833333333        2.96470416666667      -0.140454255453446     
   5.92740833333333        3.26097458333333      -0.135062584367423     
   5.92740833333333        3.55724500000000      -0.129401037524531     
   5.92740833333333        3.85351541666667      -0.123548078770225     
   5.92740833333333        4.14978583333333      -0.117694068791497     
   5.92740833333333        4.44605625000000      -0.112057011396735     
   5.92740833333333        4.74232666666667      -0.106789398588079     
   5.92740833333333        5.03859708333333      -0.101936507129366     
   5.92740833333333        5.33486750000000      -9.744771141981111E-002
   5.92740833333333        5.63113791666667      -9.330754089190721E-002
   5.92740833333333        5.92740833333333      -8.956279635456948E-002
   5.92740833333333        6.22367875000000      -8.627163663381379E-002
   5.92740833333333        6.51994916666667      -8.347129621032645E-002
   5.92740833333333        6.81621958333333      -8.102269766231447E-002
   5.92740833333333        7.11249000000000      -7.850108630759790E-002
   6.22367875000000       2.000000000000000E-003 -0.174799816565858     
   6.22367875000000       0.298270416666667      -0.173213380357684     
   6.22367875000000       0.594540833333333      -0.169534993608162     
   6.22367875000000       0.890811250000000      -0.165058929768554     
   6.22367875000000        1.18708166666667      -0.160339144904597     
   6.22367875000000        1.48335208333333      -0.155611257831284     
   6.22367875000000        1.77962250000000      -0.150949968713513     
   6.22367875000000        2.07589291666667      -0.146332306475967     
   6.22367875000000        2.37216333333333      -0.141740804275271     
   6.22367875000000        2.66843375000000      -0.137148596829312     
   6.22367875000000        2.96470416666667      -0.132485175958263     
   6.22367875000000        3.26097458333333      -0.127672657098530     
   6.22367875000000        3.55724500000000      -0.122681481332559     
   6.22367875000000        3.85351541666667      -0.117566929242738     
   6.22367875000000        4.14978583333333      -0.112461204170889     
   6.22367875000000        4.44605625000000      -0.107521186297681     
   6.22367875000000        4.74232666666667      -0.102861995236040     
   6.22367875000000        5.03859708333333      -9.851284222743012E-002
   6.22367875000000        5.33486750000000      -9.443842182852781E-002
   6.22367875000000        5.63113791666667      -9.065574901920449E-002
   6.22367875000000        5.92740833333333      -8.719622493283657E-002
   6.22367875000000        6.22367875000000      -8.413528455655343E-002
   6.22367875000000        6.51994916666667      -8.163233210969864E-002
   6.22367875000000        6.81621958333333      -7.969956678827658E-002
   6.22367875000000        7.11249000000000      -7.761821047004984E-002
   6.51994916666667       2.000000000000000E-003 -0.164735483900620     
   6.51994916666667       0.298270416666667      -0.162715766945174     
   6.51994916666667       0.594540833333333      -0.159053613850808     
   6.51994916666667       0.890811250000000      -0.154966652094014     
   6.51994916666667        1.18708166666667      -0.150604070781545     
   6.51994916666667        1.48335208333333      -0.146213738598053     
   6.51994916666667        1.77962250000000      -0.141904715148609     
   6.51994916666667        2.07589291666667      -0.137675036577369     
   6.51994916666667        2.37216333333333      -0.133501035281116     
   6.51994916666667        2.66843375000000      -0.129358400831583     
   6.51994916666667        2.96470416666667      -0.125203744014699     
   6.51994916666667        3.26097458333333      -0.120970307161322     
   6.51994916666667        3.55724500000000      -0.116618074615836     
   6.51994916666667        3.85351541666667      -0.112169668549691     
   6.51994916666667        4.14978583333333      -0.107712336766936     
   6.51994916666667        4.44605625000000      -0.103362184880500     
   6.51994916666667        4.74232666666667      -9.921132754455494E-002
   6.51994916666667        5.03859708333333      -9.528791384550940E-002
   6.51994916666667        5.33486750000000      -9.160222892612428E-002
   6.51994916666667        5.63113791666667      -8.817026929125572E-002
   6.51994916666667        5.92740833333333      -8.498805704858726E-002
   6.51994916666667        6.22367875000000      -8.207807681188702E-002
   6.51994916666667        6.51994916666667      -7.963644888344294E-002
   6.51994916666667        6.81621958333333      -7.808407680517565E-002
   6.51994916666667        7.11249000000000      -7.659246262726049E-002
   6.81621958333333       2.000000000000000E-003 -0.155525994146914     
   6.81621958333333       0.298270416666667      -0.153145613098973     
   6.81621958333333       0.594540833333333      -0.149840560572838     
   6.81621958333333       0.890811250000000      -0.145912870574864     
   6.81621958333333        1.18708166666667      -0.141682248976034     
   6.81621958333333        1.48335208333333      -0.137490682993289     
   6.81621958333333        1.77962250000000      -0.133449826357567     
   6.81621958333333        2.07589291666667      -0.129572385643491     
   6.81621958333333        2.37216333333333      -0.125830449610010     
   6.81621958333333        2.66843375000000      -0.122168072647773     
   6.81621958333333        2.96470416666667      -0.118541007624862     
   6.81621958333333        3.26097458333333      -0.114876203216763     
   6.81621958333333        3.55724500000000      -0.111112441790369     
   6.81621958333333        3.85351541666667      -0.107241008822550     
   6.81621958333333        4.14978583333333      -0.103318469908237     
   6.81621958333333        4.44605625000000      -9.944044064621235E-002
   6.81621958333333        4.74232666666667      -9.569698963139189E-002
   6.81621958333333        5.03859708333333      -9.214226240063786E-002
   6.81621958333333        5.33486750000000      -8.882538992720804E-002
   6.81621958333333        5.63113791666667      -8.576803741697787E-002
   6.81621958333333        5.92740833333333      -8.294895677865483E-002
   6.81621958333333        6.22367875000000      -8.030862689613658E-002
   6.81621958333333        6.51994916666667      -7.783517711633335E-002
   6.81621958333333        6.81621958333333      -7.594244999362597E-002
   6.81621958333333        7.11249000000000      -7.477232173769051E-002
   7.11249000000000       2.000000000000000E-003 -0.144149202862175     
   7.11249000000000       0.298270416666667      -0.144191608050961     
   7.11249000000000       0.594540833333333      -0.141218571415253     
   7.11249000000000       0.890811250000000      -0.137263908640332     
   7.11249000000000        1.18708166666667      -0.133213677842688     
   7.11249000000000        1.48335208333333      -0.129283816401256     
   7.11249000000000        1.77962250000000      -0.125554076810050     
   7.11249000000000        2.07589291666667      -0.122051829809289     
   7.11249000000000        2.37216333333333      -0.118765085168746     
   7.11249000000000        2.66843375000000      -0.115586604681647     
   7.11249000000000        2.96470416666667      -0.112457376305876     
   7.11249000000000        3.26097458333333      -0.109293146935779     
   7.11249000000000        3.55724500000000      -0.106016831760980     
   7.11249000000000        3.85351541666667      -0.102602392521655     
   7.11249000000000        4.14978583333333      -9.909409413489619E-002
   7.11249000000000        4.44605625000000      -9.558492867727050E-002
   7.11249000000000        4.74232666666667      -9.217615257962342E-002
   7.11249000000000        5.03859708333333      -8.895142062565423E-002
   7.11249000000000        5.33486750000000      -8.598585562151925E-002
   7.11249000000000        5.63113791666667      -8.330774002423526E-002
   7.11249000000000        5.92740833333333      -8.091049275697251E-002
   7.11249000000000        6.22367875000000      -7.875362755205527E-002
   7.11249000000000        6.51994916666667      -7.675244324071451E-002
   7.11249000000000        6.81621958333333      -7.464995134170586E-002
   7.11249000000000        7.11249000000000      -7.203946253076030E-002
