  2.000000000000000E-003  2.000000000000000E-003 -0.368928467674432     
  2.000000000000000E-003  0.298270416666667      -0.394664927987502     
  2.000000000000000E-003  0.594540833333333      -0.404609793349599     
  2.000000000000000E-003  0.890811250000000      -0.411543647046698     
  2.000000000000000E-003   1.18708166666667      -0.413648479434115     
  2.000000000000000E-003   1.48335208333333      -0.409687978048739     
  2.000000000000000E-003   1.77962250000000      -0.400048767719813     
  2.000000000000000E-003   2.07589291666667      -0.385922232232584     
  2.000000000000000E-003   2.37216333333333      -0.369051550119875     
  2.000000000000000E-003   2.66843375000000      -0.351167569930928     
  2.000000000000000E-003   2.96470416666667      -0.331213285255396     
  2.000000000000000E-003   3.26097458333333      -0.309572581401952     
  2.000000000000000E-003   3.55724500000000      -0.287472442635530     
  2.000000000000000E-003   3.85351541666667      -0.266108970555276     
  2.000000000000000E-003   4.14978583333333      -0.246241494586217     
  2.000000000000000E-003   4.44605625000000      -0.228146205464434     
  2.000000000000000E-003   4.74232666666667      -0.211860466814747     
  2.000000000000000E-003   5.03859708333333      -0.197471802537379     
  2.000000000000000E-003   5.33486750000000      -0.185070540386891     
  2.000000000000000E-003   5.63113791666667      -0.174608272010882     
  2.000000000000000E-003   5.92740833333333      -0.165921618738973     
  2.000000000000000E-003   6.22367875000000      -0.158591384132646     
  2.000000000000000E-003   6.51994916666667      -0.151667243426605     
  2.000000000000000E-003   6.81621958333333      -0.143095789171477     
  2.000000000000000E-003   7.11249000000000      -0.132530289595294     
  0.298270416666667       2.000000000000000E-003 -0.394664832350201     
  0.298270416666667       0.298270416666667      -0.416065068969835     
  0.298270416666667       0.594540833333333      -0.435387974159947     
  0.298270416666667       0.890811250000000      -0.453870951076472     
  0.298270416666667        1.18708166666667      -0.461629830066173     
  0.298270416666667        1.48335208333333      -0.458891303761654     
  0.298270416666667        1.77962250000000      -0.447875015235830     
  0.298270416666667        2.07589291666667      -0.430373847071738     
  0.298270416666667        2.37216333333333      -0.409615967916993     
  0.298270416666667        2.66843375000000      -0.387677680660953     
  0.298270416666667        2.96470416666667      -0.363038618652518     
  0.298270416666667        3.26097458333333      -0.336416130476380     
  0.298270416666667        3.55724500000000      -0.309580282286027     
  0.298270416666667        3.85351541666667      -0.284110432858725     
  0.298270416666667        4.14978583333333      -0.260867324586816     
  0.298270416666667        4.44605625000000      -0.240040104875383     
  0.298270416666667        4.74232666666667      -0.221519935849178     
  0.298270416666667        5.03859708333333      -0.205261643373943     
  0.298270416666667        5.33486750000000      -0.191285020059400     
  0.298270416666667        5.63113791666667      -0.179466998195901     
  0.298270416666667        5.92740833333333      -0.169559570002243     
  0.298270416666667        6.22367875000000      -0.161007265488697     
  0.298270416666667        6.51994916666667      -0.152821671579330     
  0.298270416666667        6.81621958333333      -0.144184087705197     
  0.298270416666667        7.11249000000000      -0.135922143337811     
  0.594540833333333       2.000000000000000E-003 -0.404609560368648     
  0.594540833333333       0.298270416666667      -0.435387897314749     
  0.594540833333333       0.594540833333333      -0.467166949507710     
  0.594540833333333       0.890811250000000      -0.494071958947428     
  0.594540833333333        1.18708166666667      -0.507331475822721     
  0.594540833333333        1.48335208333333      -0.506822792763453     
  0.594540833333333        1.77962250000000      -0.495341298739098     
  0.594540833333333        2.07589291666667      -0.475218358562824     
  0.594540833333333        2.37216333333333      -0.450956722209534     
  0.594540833333333        2.66843375000000      -0.424832295344516     
  0.594540833333333        2.96470416666667      -0.395054261268916     
  0.594540833333333        3.26097458333333      -0.363045077726353     
  0.594540833333333        3.55724500000000      -0.331228194268673     
  0.594540833333333        3.85351541666667      -0.301539180459088     
  0.594540833333333        4.14978583333333      -0.274863662242817     
  0.594540833333333        4.44605625000000      -0.251242168835139     
  0.594540833333333        4.74232666666667      -0.230397251702619     
  0.594540833333333        5.03859708333333      -0.212144376592287     
  0.594540833333333        5.33486750000000      -0.196433480492378     
  0.594540833333333        5.63113791666667      -0.183078555608474     
  0.594540833333333        5.92740833333333      -0.171733901772624     
  0.594540833333333        6.22367875000000      -0.161821488630423     
  0.594540833333333        6.51994916666667      -0.152736977169687     
  0.594540833333333        6.81621958333333      -0.144466995894725     
  0.594540833333333        7.11249000000000      -0.136453013745503     
  0.890811250000000       2.000000000000000E-003 -0.411543298265973     
  0.890811250000000       0.298270416666667      -0.453870707039590     
  0.890811250000000       0.594540833333333      -0.494071804707930     
  0.890811250000000       0.890811250000000      -0.526321672616152     
  0.890811250000000        1.18708166666667      -0.544542384789843     
  0.890811250000000        1.48335208333333      -0.547660156470673     
  0.890811250000000        1.77962250000000      -0.536800891426791     
  0.890811250000000        2.07589291666667      -0.514870495684920     
  0.890811250000000        2.37216333333333      -0.489386419507128     
  0.890811250000000        2.66843375000000      -0.459551851013684     
  0.890811250000000        2.96470416666667      -0.424845079178727     
  0.890811250000000        3.26097458333333      -0.387697180424621     
  0.890811250000000        3.55724500000000      -0.351194806842101     
  0.890811250000000        3.85351541666667      -0.317560669594891     
  0.890811250000000        4.14978583333333      -0.287652768675203     
  0.890811250000000        4.44605625000000      -0.261345040130738     
  0.890811250000000        4.74232666666667      -0.238214247628611     
  0.890811250000000        5.03859708333333      -0.217987594052854     
  0.890811250000000        5.33486750000000      -0.200570094168916     
  0.890811250000000        5.63113791666667      -0.185766648773581     
  0.890811250000000        5.92740833333333      -0.173183841712865     
  0.890811250000000        6.22367875000000      -0.162311731874732     
  0.890811250000000        6.51994916666667      -0.152712826348368     
  0.890811250000000        6.81621958333333      -0.144070173555293     
  0.890811250000000        7.11249000000000      -0.135606243443265     
   1.18708166666667       2.000000000000000E-003 -0.413647956248848     
   1.18708166666667       0.298270416666667      -0.461629340683134     
   1.18708166666667       0.594540833333333      -0.507331055505805     
   1.18708166666667       0.890811250000000      -0.544542118515489     
   1.18708166666667        1.18708166666667      -0.567971162328413     
   1.18708166666667        1.48335208333333      -0.575254236023506     
   1.18708166666667        1.77962250000000      -0.566415386469471     
   1.18708166666667        2.07589291666667      -0.546437385066507     
   1.18708166666667        2.37216333333333      -0.521603587954961     
   1.18708166666667        2.66843375000000      -0.489427155371220     
   1.18708166666667        2.96470416666667      -0.451011608120257     
   1.18708166666667        3.26097458333333      -0.409673424915279     
   1.18708166666667        3.55724500000000      -0.369107767824274     
   1.18708166666667        3.85351541666667      -0.331910095179372     
   1.18708166666667        4.14978583333333      -0.298998698518715     
   1.18708166666667        4.44605625000000      -0.270128377388239     
   1.18708166666667        4.74232666666667      -0.244789269382417     
   1.18708166666667        5.03859708333333      -0.222697942485417     
   1.18708166666667        5.33486750000000      -0.203743470061847     
   1.18708166666667        5.63113791666667      -0.187725983874969     
   1.18708166666667        5.92740833333333      -0.174197823933809     
   1.18708166666667        6.22367875000000      -0.162606229950896     
   1.18708166666667        6.51994916666667      -0.152448493813536     
   1.18708166666667        6.81621958333333      -0.143254231453565     
   1.18708166666667        7.11249000000000      -0.134481023251368     
   1.48335208333333       2.000000000000000E-003 -0.409687193988831     
   1.48335208333333       0.298270416666667      -0.458890485140838     
   1.48335208333333       0.594540833333333      -0.506822016734533     
   1.48335208333333       0.890811250000000      -0.547659533681953     
   1.48335208333333        1.18708166666667      -0.575253886362308     
   1.48335208333333        1.48335208333333      -0.586103784916698     
   1.48335208333333        1.77962250000000      -0.581326026084205     
   1.48335208333333        2.07589291666667      -0.568459630778971     
   1.48335208333333        2.37216333333333      -0.546535638663412     
   1.48335208333333        2.66843375000000      -0.515026197813836     
   1.48335208333333        2.96470416666667      -0.475396159883316     
   1.48335208333333        3.26097458333333      -0.430505605600472     
   1.48335208333333        3.55724500000000      -0.386030239473055     
   1.48335208333333        3.85351541666667      -0.345160366121606     
   1.48335208333333        4.14978583333333      -0.309170946405971     
   1.48335208333333        4.44605625000000      -0.277619613898485     
   1.48335208333333        4.74232666666667      -0.250041905370334     
   1.48335208333333        5.03859708333333      -0.226197622389850     
   1.48335208333333        5.33486750000000      -0.205958566090672     
   1.48335208333333        5.63113791666667      -0.189014455049723     
   1.48335208333333        5.92740833333333      -0.174804297072327     
   1.48335208333333        6.22367875000000      -0.162657770778920     
   1.48335208333333        6.51994916666667      -0.151987819079309     
   1.48335208333333        6.81621958333333      -0.142340718847624     
   1.48335208333333        7.11249000000000      -0.133370992921170     
   1.77962250000000       2.000000000000000E-003 -0.400047681405870     
   1.77962250000000       0.298270416666667      -0.447873835979617     
   1.77962250000000       0.594540833333333      -0.495340146284966     
   1.77962250000000       0.890811250000000      -0.536799905027118     
   1.77962250000000        1.18708166666667      -0.566414693013550     
   1.77962250000000        1.48335208333333      -0.581325690160079     
   1.77962250000000        1.77962250000000      -0.586238456368728     
   1.77962250000000        2.07589291666667      -0.581481560444906     
   1.77962250000000        2.37216333333333      -0.566644886249075     
   1.77962250000000        2.66843375000000      -0.537087513404391     
   1.77962250000000        2.96470416666667      -0.495553434425672     
   1.77962250000000        3.26097458333333      -0.448041524789550     
   1.77962250000000        3.55724500000000      -0.400183031151157     
   1.77962250000000        3.85351541666667      -0.356251698555526     
   1.77962250000000        4.14978583333333      -0.317385796842659     
   1.77962250000000        4.44605625000000      -0.283452574606970     
   1.77962250000000        4.74232666666667      -0.253837353925314     
   1.77962250000000        5.03859708333333      -0.228377110352623     
   1.77962250000000        5.33486750000000      -0.207149718607510     
   1.77962250000000        5.63113791666667      -0.189620297639152     
   1.77962250000000        5.92740833333333      -0.174990235156678     
   1.77962250000000        6.22367875000000      -0.162459476212047     
   1.77962250000000        6.51994916666667      -0.151400651889668     
   1.77962250000000        6.81621958333333      -0.141433019297851     
   1.77962250000000        7.11249000000000      -0.132341664918703     
   2.07589291666667       2.000000000000000E-003 -0.385920915386807     
   2.07589291666667       0.298270416666667      -0.430372404927943     
   2.07589291666667       0.594540833333333      -0.475216942022156     
   2.07589291666667       0.890811250000000      -0.514869272272168     
   2.07589291666667        1.18708166666667      -0.546436449357386     
   2.07589291666667        1.48335208333333      -0.568459018733829     
   2.07589291666667        1.77962250000000      -0.581481266402621     
   2.07589291666667        2.07589291666667      -0.586420031011008     
   2.07589291666667        2.37216333333333      -0.575629615835257     
   2.07589291666667        2.66843375000000      -0.548052997588829     
   2.07589291666667        2.96470416666667      -0.507152766437111     
   2.07589291666667        3.26097458333333      -0.459119343909883     
   2.07589291666667        3.55724500000000      -0.409859219433129     
   2.07589291666667        3.85351541666667      -0.363740647070014     
   2.07589291666667        4.14978583333333      -0.322492792609978     
   2.07589291666667        4.44605625000000      -0.286458621386178     
   2.07589291666667        4.74232666666667      -0.255355561898918     
   2.07589291666667        5.03859708333333      -0.228976576086592     
   2.07589291666667        5.33486750000000      -0.207243172228266     
   2.07589291666667        5.63113791666667      -0.189509035955770     
   2.07589291666667        5.92740833333333      -0.174727367070215     
   2.07589291666667        6.22367875000000      -0.161983702245565     
   2.07589291666667        6.51994916666667      -0.150670532157093     
   2.07589291666667        6.81621958333333      -0.140508536542973     
   2.07589291666667        7.11249000000000      -0.131366851592763     
   2.37216333333333       2.000000000000000E-003 -0.369050186529720     
   2.37216333333333       0.298270416666667      -0.409614452962560     
   2.37216333333333       0.594540833333333      -0.450955215423449     
   2.37216333333333       0.890811250000000      -0.489385067652956     
   2.37216333333333        1.18708166666667      -0.521602489788800     
   2.37216333333333        1.48335208333333      -0.546534831825803     
   2.37216333333333        1.77962250000000      -0.566644357018081     
   2.37216333333333        2.07589291666667      -0.575629355197789     
   2.37216333333333        2.37216333333333      -0.568379108194685     
   2.37216333333333        2.66843375000000      -0.544969557278904     
   2.37216333333333        2.96470416666667      -0.507704181373892     
   2.37216333333333        3.26097458333333      -0.461931622635375     
   2.37216333333333        3.55724500000000      -0.413842435281249     
   2.37216333333333        3.85351541666667      -0.367219590875076     
   2.37216333333333        4.14978583333333      -0.324310434632855     
   2.37216333333333        4.44605625000000      -0.286725691556345     
   2.37216333333333        4.74232666666667      -0.254739446114016     
   2.37216333333333        5.03859708333333      -0.228015805780545     
   2.37216333333333        5.33486750000000      -0.206234412242937     
   2.37216333333333        5.63113791666667      -0.188708822880087     
   2.37216333333333        5.92740833333333      -0.173972079025726     
   2.37216333333333        6.22367875000000      -0.161138996222554     
   2.37216333333333        6.51994916666667      -0.149700916206576     
   2.37216333333333        6.81621958333333      -0.139468622193070     
   2.37216333333333        7.11249000000000      -0.130372316510055     
   2.66843375000000       2.000000000000000E-003 -0.351166237299845     
   2.66843375000000       0.298270416666667      -0.387676176816337     
   2.66843375000000       0.594540833333333      -0.424830780298302     
   2.66843375000000       0.890811250000000      -0.459550471954490     
   2.66843375000000        1.18708166666667      -0.489426007387062     
   2.66843375000000        1.48335208333333      -0.515025304213141     
   2.66843375000000        1.77962250000000      -0.537086843339404     
   2.66843375000000        2.07589291666667      -0.548052557306761     
   2.66843375000000        2.37216333333333      -0.544969362793741     
   2.66843375000000        2.66843375000000      -0.526737024294571     
   2.66843375000000        2.96470416666667      -0.494488235680847     
   2.66843375000000        3.26097458333333      -0.454201747174661     
   2.66843375000000        3.55724500000000      -0.411764382403908     
   2.66843375000000        3.85351541666667      -0.367063762217407     
   2.66843375000000        4.14978583333333      -0.323408174092642     
   2.66843375000000        4.44605625000000      -0.285215790271780     
   2.66843375000000        4.74232666666667      -0.253086265970693     
   2.66843375000000        5.03859708333333      -0.226413170921700     
   2.66843375000000        5.33486750000000      -0.204700039271837     
   2.66843375000000        5.63113791666667      -0.187309969760333     
   2.66843375000000        5.92740833333333      -0.172689435250829     
   2.66843375000000        6.22367875000000      -0.159817793251523     
   2.66843375000000        6.51994916666667      -0.148339840554199     
   2.66843375000000        6.81621958333333      -0.138158835173137     
   2.66843375000000        7.11249000000000      -0.129214186259340     
   2.96470416666667       2.000000000000000E-003 -0.331212063070504     
   2.96470416666667       0.298270416666667      -0.363037220990110     
   2.96470416666667       0.594540833333333      -0.395052844175555     
   2.96470416666667       0.890811250000000      -0.424843785726812     
   2.96470416666667        1.18708166666667      -0.451010526246003     
   2.96470416666667        1.48335208333333      -0.475395298405779     
   2.96470416666667        1.77962250000000      -0.495552750495078     
   2.96470416666667        2.07589291666667      -0.507152276009971     
   2.96470416666667        2.37216333333333      -0.507703924647768     
   2.96470416666667        2.66843375000000      -0.494488191651489     
   2.96470416666667        2.96470416666667      -0.467545184118395     
   2.96470416666667        3.26097458333333      -0.435763833484101     
   2.96470416666667        3.55724500000000      -0.404894095260669     
   2.96470416666667        3.85351541666667      -0.363985807434441     
   2.96470416666667        4.14978583333333      -0.321216013219722     
   2.96470416666667        4.44605625000000      -0.283806672608117     
   2.96470416666667        4.74232666666667      -0.251785008964480     
   2.96470416666667        5.03859708333333      -0.224947990629533     
   2.96470416666667        5.33486750000000      -0.203040320815648     
   2.96470416666667        5.63113791666667      -0.185388176100006     
   2.96470416666667        5.92740833333333      -0.170735104218151     
   2.96470416666667        6.22367875000000      -0.157838953901480     
   2.96470416666667        6.51994916666667      -0.146425994804017     
   2.96470416666667        6.81621958333333      -0.136437450816177     
   2.96470416666667        7.11249000000000      -0.127767593913887     
   3.26097458333333       2.000000000000000E-003 -0.309571520731684     
   3.26097458333333       0.298270416666667      -0.336414903831636     
   3.26097458333333       0.594540833333333      -0.363043830977492     
   3.26097458333333       0.890811250000000      -0.387696047833533     
   3.26097458333333        1.18708166666667      -0.409672488811936     
   3.26097458333333        1.48335208333333      -0.430504872725825     
   3.26097458333333        1.77962250000000      -0.448040940619416     
   3.26097458333333        2.07589291666667      -0.459118925835148     
   3.26097458333333        2.37216333333333      -0.461931429074838     
   3.26097458333333        2.66843375000000      -0.454201799739568     
   3.26097458333333        2.96470416666667      -0.435764019876630     
   3.26097458333333        3.26097458333333      -0.416596798115999     
   3.26097458333333        3.55724500000000      -0.394933027666057     
   3.26097458333333        3.85351541666667      -0.357579080258528     
   3.26097458333333        4.14978583333333      -0.321192931703573     
   3.26097458333333        4.44605625000000      -0.284415385506938     
   3.26097458333333        4.74232666666667      -0.251071647906497     
   3.26097458333333        5.03859708333333      -0.223148355065161     
   3.26097458333333        5.33486750000000      -0.200663701910821     
   3.26097458333333        5.63113791666667      -0.182655879113477     
   3.26097458333333        5.92740833333333      -0.167792501287849     
   3.26097458333333        6.22367875000000      -0.154948771493162     
   3.26097458333333        6.51994916666667      -0.143770923453129     
   3.26097458333333        6.81621958333333      -0.134158272169554     
   3.26097458333333        7.11249000000000      -0.125903744447682     
   3.55724500000000       2.000000000000000E-003 -0.287471549558420     
   3.55724500000000       0.298270416666667      -0.309579240387912     
   3.55724500000000       0.594540833333333      -0.331227134781589     
   3.55724500000000       0.890811250000000      -0.351193852404816     
   3.55724500000000        1.18708166666667      -0.369106998108135     
   3.55724500000000        1.48335208333333      -0.386029672061088     
   3.55724500000000        1.77962250000000      -0.400182600934708     
   3.55724500000000        2.07589291666667      -0.409858928992928     
   3.55724500000000        2.37216333333333      -0.413842328966232     
   3.55724500000000        2.66843375000000      -0.411764467251170     
   3.55724500000000        2.96470416666667      -0.404894280739926     
   3.55724500000000        3.26097458333333      -0.394933138990923     
   3.55724500000000        3.55724500000000      -0.369202728065365     
   3.55724500000000        3.85351541666667      -0.355864716490535     
   3.55724500000000        4.14978583333333      -0.324055312267413     
   3.55724500000000        4.44605625000000      -0.283766723648480     
   3.55724500000000        4.74232666666667      -0.247780832671198     
   3.55724500000000        5.03859708333333      -0.218758578714083     
   3.55724500000000        5.33486750000000      -0.196065236263163     
   3.55724500000000        5.63113791666667      -0.178152972874416     
   3.55724500000000        5.92740833333333      -0.163433632845838     
   3.55724500000000        6.22367875000000      -0.150922681742357     
   3.55724500000000        6.51994916666667      -0.140247634884623     
   3.55724500000000        6.81621958333333      -0.131229552464802     
   3.55724500000000        7.11249000000000      -0.123530866529611     
   3.85351541666667       2.000000000000000E-003 -0.266108221775326     
   3.85351541666667       0.298270416666667      -0.284109553675271     
   3.85351541666667       0.594540833333333      -0.301538284685923     
   3.85351541666667       0.890811250000000      -0.317559866634050     
   3.85351541666667        1.18708166666667      -0.331909461744981     
   3.85351541666667        1.48335208333333      -0.345159936171313     
   3.85351541666667        1.77962250000000      -0.356251404728666     
   3.85351541666667        2.07589291666667      -0.363740463658439     
   3.85351541666667        2.37216333333333      -0.367219524701888     
   3.85351541666667        2.66843375000000      -0.367063766733832     
   3.85351541666667        2.96470416666667      -0.363985750528887     
   3.85351541666667        3.26097458333333      -0.357578939679869     
   3.85351541666667        3.55724500000000      -0.355864536396639     
   3.85351541666667        3.85351541666667      -0.345480407040307     
   3.85351541666667        4.14978583333333      -0.312279167867328     
   3.85351541666667        4.44605625000000      -0.272350215415780     
   3.85351541666667        4.74232666666667      -0.237181842606712     
   3.85351541666667        5.03859708333333      -0.209331871463566     
   3.85351541666667        5.33486750000000      -0.187926624164957     
   3.85351541666667        5.63113791666667      -0.171199491310720     
   3.85351541666667        5.92740833333333      -0.157427181283195     
   3.85351541666667        6.22367875000000      -0.145726744355045     
   3.85351541666667        6.51994916666667      -0.135889139401828     
   3.85351541666667        6.81621958333333      -0.127682778157036     
   3.85351541666667        7.11249000000000      -0.120650580474382     
   4.14978583333333       2.000000000000000E-003 -0.246240864201656     
   4.14978583333333       0.298270416666667      -0.260866581129102     
   4.14978583333333       0.594540833333333      -0.274862900211230     
   4.14978583333333       0.890811250000000      -0.287652082118025     
   4.14978583333333        1.18708166666667      -0.298998157136786     
   4.14978583333333        1.48335208333333      -0.309170595890808     
   4.14978583333333        1.77962250000000      -0.317385583342415     
   4.14978583333333        2.07589291666667      -0.322492665117693     
   4.14978583333333        2.37216333333333      -0.324310372640659     
   4.14978583333333        2.66843375000000      -0.323408127642984     
   4.14978583333333        2.96470416666667      -0.321215901981812     
   4.14978583333333        3.26097458333333      -0.321192745770363     
   4.14978583333333        3.55724500000000      -0.324055042281851     
   4.14978583333333        3.85351541666667      -0.312278923100193     
   4.14978583333333        4.14978583333333      -0.282993087741363     
   4.14978583333333        4.44605625000000      -0.249215535586317     
   4.14978583333333        4.74232666666667      -0.219061714016319     
   4.14978583333333        5.03859708333333      -0.194998723558626     
   4.14978583333333        5.33486750000000      -0.176519491023099     
   4.14978583333333        5.63113791666667      -0.162118162786492     
   4.14978583333333        5.92740833333333      -0.150063244964291     
   4.14978583333333        6.22367875000000      -0.139634937914200     
   4.14978583333333        6.51994916666667      -0.130936660492449     
   4.14978583333333        6.81621958333333      -0.123700604222431     
   4.14978583333333        7.11249000000000      -0.117385688563146     
   4.44605625000000       2.000000000000000E-003 -0.228145687378886     
   4.44605625000000       0.298270416666667      -0.240039491002030     
   4.44605625000000       0.594540833333333      -0.251241532499329     
   4.44605625000000       0.890811250000000      -0.261344457545777     
   4.44605625000000        1.18708166666667      -0.270127907360091     
   4.44605625000000        1.48335208333333      -0.277619293996164     
   4.44605625000000        1.77962250000000      -0.283452393531462     
   4.44605625000000        2.07589291666667      -0.286458512665656     
   4.44605625000000        2.37216333333333      -0.286725621654855     
   4.44605625000000        2.66843375000000      -0.285215724272952     
   4.44605625000000        2.96470416666667      -0.283806558482651     
   4.44605625000000        3.26097458333333      -0.284415169101285     
   4.44605625000000        3.55724500000000      -0.283766369623626     
   4.44605625000000        3.85351541666667      -0.272349822534733     
   4.44605625000000        4.14978583333333      -0.249215305384482     
   4.44605625000000        4.44605625000000      -0.222401557740931     
   4.44605625000000        4.74232666666667      -0.198142969256415     
   4.44605625000000        5.03859708333333      -0.178644402668240     
   4.44605625000000        5.33486750000000      -0.163779431459259     
   4.44605625000000        5.63113791666667      -0.152298152717991     
   4.44605625000000        5.92740833333333      -0.142084597338274     
   4.44605625000000        6.22367875000000      -0.133173251909175     
   4.44605625000000        6.51994916666667      -0.125777020490652     
   4.44605625000000        6.81621958333333      -0.119556316520891     
   4.44605625000000        7.11249000000000      -0.113931454615613     
   4.74232666666667       2.000000000000000E-003 -0.211860079814653     
   4.74232666666667       0.298270416666667      -0.221519472892613     
   4.74232666666667       0.594540833333333      -0.230396761779954     
   4.74232666666667       0.890811250000000      -0.238213786610760     
   4.74232666666667        1.18708166666667      -0.244788884169508     
   4.74232666666667        1.48335208333333      -0.250041624786529     
   4.74232666666667        1.77962250000000      -0.253837188359125     
   4.74232666666667        2.07589291666667      -0.255355463581690     
   4.74232666666667        2.37216333333333      -0.254739375906783     
   4.74232666666667        2.66843375000000      -0.253086194941384     
   4.74232666666667        2.96470416666667      -0.251784893101894     
   4.74232666666667        3.26097458333333      -0.251071427942057     
   4.74232666666667        3.55724500000000      -0.247780479978652     
   4.74232666666667        3.85351541666667      -0.237181429576557     
   4.74232666666667        4.14978583333333      -0.219061383955803     
   4.74232666666667        4.44605625000000      -0.198142808146088     
   4.74232666666667        4.74232666666667      -0.178953160358364     
   4.74232666666667        5.03859708333333      -0.163549140350924     
   4.74232666666667        5.33486750000000      -0.152079527954330     
   4.74232666666667        5.63113791666667      -0.142909896081715     
   4.74232666666667        5.92740833333333      -0.134288900020086     
   4.74232666666667        6.22367875000000      -0.126899921790720     
   4.74232666666667        6.51994916666667      -0.120783201285263     
   4.74232666666667        6.81621958333333      -0.115496776429255     
   4.74232666666667        7.11249000000000      -0.110473755275272     
   5.03859708333333       2.000000000000000E-003 -0.197471577396561     
   5.03859708333333       0.298270416666667      -0.205261368015969     
   5.03859708333333       0.594540833333333      -0.212144070469968     
   5.03859708333333       0.890811250000000      -0.217987286272811     
   5.03859708333333        1.18708166666667      -0.222697670510473     
   5.03859708333333        1.48335208333333      -0.226197413684387     
   5.03859708333333        1.77962250000000      -0.228376974103609     
   5.03859708333333        2.07589291666667      -0.228976501055869     
   5.03859708333333        2.37216333333333      -0.228015756080368     
   5.03859708333333        2.66843375000000      -0.226413118627818     
   5.03859708333333        2.96470416666667      -0.224947900052301     
   5.03859708333333        3.26097458333333      -0.223148181165113     
   5.03859708333333        3.55724500000000      -0.218758298287536     
   5.03859708333333        3.85351541666667      -0.209331523029374     
   5.03859708333333        4.14978583333333      -0.194998394293184     
   5.03859708333333        4.44605625000000      -0.178644166438796     
   5.03859708333333        4.74232666666667      -0.163549025993131     
   5.03859708333333        5.03859708333333      -0.151578482708431     
   5.03859708333333        5.33486750000000      -0.142657315014564     
   5.03859708333333        5.63113791666667      -0.134462005143389     
   5.03859708333333        5.92740833333333      -0.127202238414466     
   5.03859708333333        6.22367875000000      -0.121157175922108     
   5.03859708333333        6.51994916666667      -0.116132224938009     
   5.03859708333333        6.81621958333333      -0.111640046109784     
   5.03859708333333        7.11249000000000      -0.107137892007227     
   5.33486750000000       2.000000000000000E-003 -0.185070461400605     
   5.33486750000000       0.298270416666667      -0.191284920424936     
   5.33486750000000       0.594540833333333      -0.196433353864699     
   5.33486750000000       0.890811250000000      -0.200569946827938     
   5.33486750000000        1.18708166666667      -0.203743323038810     
   5.33486750000000        1.48335208333333      -0.205958446710555     
   5.33486750000000        1.77962250000000      -0.207149642748338     
   5.33486750000000        2.07589291666667      -0.207243134515658     
   5.33486750000000        2.37216333333333      -0.206234396520428     
   5.33486750000000        2.66843375000000      -0.204700020178608     
   5.33486750000000        2.96470416666667      -0.203040270324512     
   5.33486750000000        3.26097458333333      -0.200663587866420     
   5.33486750000000        3.55724500000000      -0.196065037524019     
   5.33486750000000        3.85351541666667      -0.187926354215857     
   5.33486750000000        4.14978583333333      -0.176519197485263     
   5.33486750000000        4.44605625000000      -0.163779171620470     
   5.33486750000000        4.74232666666667      -0.152079346263050     
   5.33486750000000        5.03859708333333      -0.142657231038787     
   5.33486750000000        5.33486750000000      -0.134365754224488     
   5.33486750000000        5.63113791666667      -0.127096882814675     
   5.33486750000000        5.92740833333333      -0.120964839130350     
   5.33486750000000        6.22367875000000      -0.116013139883440     
   5.33486750000000        6.51994916666667      -0.111911095968554     
   5.33486750000000        6.81621958333333      -0.108096235196368     
   5.33486750000000        7.11249000000000      -0.104084320391018     
   5.63113791666667       2.000000000000000E-003 -0.174608277975573     
   5.63113791666667       0.298270416666667      -0.179467007319922     
   5.63113791666667       0.594540833333333      -0.183078545002626     
   5.63113791666667       0.890811250000000      -0.185766606851846     
   5.63113791666667        1.18708166666667      -0.187725922579391     
   5.63113791666667        1.48335208333333      -0.189014404095184     
   5.63113791666667        1.77962250000000      -0.189620278994892     
   5.63113791666667        2.07589291666667      -0.189509044088971     
   5.63113791666667        2.37216333333333      -0.188708838545618     
   5.63113791666667        2.66843375000000      -0.187309973480601     
   5.63113791666667        2.96470416666667      -0.185388150190629     
   5.63113791666667        3.26097458333333      -0.182655800421196     
   5.63113791666667        3.55724500000000      -0.178152824683407     
   5.63113791666667        3.85351541666667      -0.171199274809766     
   5.63113791666667        4.14978583333333      -0.162117904676366     
   5.63113791666667        4.44605625000000      -0.152297899182663     
   5.63113791666667        4.74232666666667      -0.142909693553588     
   5.63113791666667        5.03859708333333      -0.134461883855387     
   5.63113791666667        5.33486750000000      -0.127096844099539     
   5.63113791666667        5.63113791666667      -0.120804189489328     
   5.63113791666667        5.92740833333333      -0.115677301696749     
   5.63113791666667        6.22367875000000      -0.111652332600038     
   5.63113791666667        6.51994916666667      -0.108306451504193     
   5.63113791666667        6.81621958333333      -0.105042062354816     
   5.63113791666667        7.11249000000000      -0.101437766251112     
   5.92740833333333       2.000000000000000E-003 -0.165921636188031     
   5.92740833333333       0.298270416666667      -0.169559605025832     
   5.92740833333333       0.594540833333333      -0.171733923321549     
   5.92740833333333       0.890811250000000      -0.173183828842912     
   5.92740833333333        1.18708166666667      -0.174197786660139     
   5.92740833333333        1.48335208333333      -0.174804267371903     
   5.92740833333333        1.77962250000000      -0.174990242243941     
   5.92740833333333        2.07589291666667      -0.174727405884902     
   5.92740833333333        2.37216333333333      -0.173972120767861     
   5.92740833333333        2.66843375000000      -0.172689455111927     
   5.92740833333333        2.96470416666667      -0.170735085200109     
   5.92740833333333        3.26097458333333      -0.167792432090292     
   5.92740833333333        3.55724500000000      -0.163433507048027     
   5.92740833333333        3.85351541666667      -0.157427001870533     
   5.92740833333333        4.14978583333333      -0.150063029993681     
   5.92740833333333        4.44605625000000      -0.142084379979405     
   5.92740833333333        4.74232666666667      -0.134288721838551     
   5.92740833333333        5.03859708333333      -0.127202138138233     
   5.92740833333333        5.33486750000000      -0.120964834953420     
   5.92740833333333        5.63113791666667      -0.115677338298683     
   5.92740833333333        5.92740833333333      -0.111472156746961     
   5.92740833333333        6.22367875000000      -0.108217238289880     
   5.92740833333333        6.51994916666667      -0.105457355734967     
   5.92740833333333        6.81621958333333      -0.102571929423133     
   5.92740833333333        7.11249000000000      -9.921720496042936E-002
   6.22367875000000       2.000000000000000E-003 -0.158591370107793     
   6.22367875000000       0.298270416666667      -0.161007263544480     
   6.22367875000000       0.594540833333333      -0.161821468769779     
   6.22367875000000       0.890811250000000      -0.162311684387555     
   6.22367875000000        1.18708166666667      -0.162606170174775     
   6.22367875000000        1.48335208333333      -0.162657729155260     
   6.22367875000000        1.77962250000000      -0.162459481239531     
   6.22367875000000        2.07589291666667      -0.161983751421842     
   6.22367875000000        2.37216333333333      -0.161139051823257     
   6.22367875000000        2.66843375000000      -0.159817825977747     
   6.22367875000000        2.96470416666667      -0.157838948731994     
   6.22367875000000        3.26097458333333      -0.154948723739630     
   6.22367875000000        3.55724500000000      -0.150922592368876     
   6.22367875000000        3.85351541666667      -0.145726618620961     
   6.22367875000000        4.14978583333333      -0.139634788415938     
   6.22367875000000        4.44605625000000      -0.133173102919001     
   6.22367875000000        4.74232666666667      -0.126899810882869     
   6.22367875000000        5.03859708333333      -0.121157151588504     
   6.22367875000000        5.33486750000000      -0.116013221348068     
   6.22367875000000        5.63113791666667      -0.111652453661042     
   6.22367875000000        5.92740833333333      -0.108217325165190     
   6.22367875000000        6.22367875000000      -0.105607732299613     
   6.22367875000000        6.51994916666667      -0.103354071807955     
   6.22367875000000        6.81621958333333      -0.100666263030508     
   6.22367875000000        7.11249000000000      -9.729340630785970E-002
   6.51994916666667       2.000000000000000E-003 -0.151667212951731     
   6.51994916666667       0.298270416666667      -0.152821615195077     
   6.51994916666667       0.594540833333333      -0.152736882737047     
   6.51994916666667       0.890811250000000      -0.152712724873400     
   6.51994916666667        1.18708166666667      -0.152448405216203     
   6.51994916666667        1.48335208333333      -0.151987764734466     
   6.51994916666667        1.77962250000000      -0.151400652471823     
   6.51994916666667        2.07589291666667      -0.150670583906494     
   6.51994916666667        2.37216333333333      -0.149700977734535     
   6.51994916666667        2.66843375000000      -0.148339882570449     
   6.51994916666667        2.96470416666667      -0.146426006240017     
   6.51994916666667        3.26097458333333      -0.143770905656294     
   6.51994916666667        3.55724500000000      -0.140247593969013     
   6.51994916666667        3.85351541666667      -0.135889081482180     
   6.51994916666667        4.14978583333333      -0.130936593439346     
   6.51994916666667        4.44605625000000      -0.125776960590695     
   6.51994916666667        4.74232666666667      -0.120783181235510     
   6.51994916666667        5.03859708333333      -0.116132301165423     
   6.51994916666667        5.33486750000000      -0.111911266280273     
   6.51994916666667        5.63113791666667      -0.108306656262228     
   6.51994916666667        5.92740833333333      -0.105457532401787     
   6.51994916666667        6.22367875000000      -0.103354169624067     
   6.51994916666667        6.51994916666667      -0.101606184317760     
   6.51994916666667        6.81621958333333      -9.913060280128766E-002
   6.51994916666667        7.11249000000000      -9.547811075911558E-002
   6.81621958333333       2.000000000000000E-003 -0.143095796609359     
   6.81621958333333       0.298270416666667      -0.144184010612180     
   6.81621958333333       0.594540833333333      -0.144466872300531     
   6.81621958333333       0.890811250000000      -0.144070068216531     
   6.81621958333333        1.18708166666667      -0.143254151955118     
   6.81621958333333        1.48335208333333      -0.142340676305652     
   6.81621958333333        1.77962250000000      -0.141433029763562     
   6.81621958333333        2.07589291666667      -0.140508594240683     
   6.81621958333333        2.37216333333333      -0.139468686939577     
   6.81621958333333        2.66843375000000      -0.138158883443825     
   6.81621958333333        2.96470416666667      -0.136437477837384     
   6.81621958333333        3.26097458333333      -0.134158284991248     
   6.81621958333333        3.55724500000000      -0.131229560910562     
   6.81621958333333        3.85351541666667      -0.127682788096455     
   6.81621958333333        4.14978583333333      -0.123700618823708     
   6.81621958333333        4.44605625000000      -0.119556343969131     
   6.81621958333333        4.74232666666667      -0.115496841660307     
   6.81621958333333        5.03859708333333      -0.111640197842207     
   6.81621958333333        5.33486750000000      -0.108096459812594     
   6.81621958333333        5.63113791666667      -0.105042310488129     
   6.81621958333333        5.92740833333333      -0.102572152122184     
   6.81621958333333        6.22367875000000      -0.100666418327722     
   6.81621958333333        6.51994916666667      -9.913067239778975E-002
   6.81621958333333        6.81621958333333      -9.702730526093283E-002
   6.81621958333333        7.11249000000000      -9.332774134707836E-002
   7.11249000000000       2.000000000000000E-003 -0.132530315101016     
   7.11249000000000       0.298270416666667      -0.135922160166789     
   7.11249000000000       0.594540833333333      -0.136452996703004     
   7.11249000000000       0.890811250000000      -0.135606212381317     
   7.11249000000000        1.18708166666667      -0.134480992901701     
   7.11249000000000        1.48335208333333      -0.133370983516849     
   7.11249000000000        1.77962250000000      -0.132341695736440     
   7.11249000000000        2.07589291666667      -0.131366917771797     
   7.11249000000000        2.37216333333333      -0.130372380490027     
   7.11249000000000        2.66843375000000      -0.129214234969228     
   7.11249000000000        2.96470416666667      -0.127767629584411     
   7.11249000000000        3.26097458333333      -0.125903778809222     
   7.11249000000000        3.55724500000000      -0.123530911871180     
   7.11249000000000        3.85351541666667      -0.120650641974142     
   7.11249000000000        4.14978583333333      -0.117385765138786     
   7.11249000000000        4.44605625000000      -0.113931546623643     
   7.11249000000000        4.74232666666667      -0.110473876938883     
   7.11249000000000        5.03859708333333      -0.107138077200334     
   7.11249000000000        5.33486750000000      -0.104084550518104     
   7.11249000000000        5.63113791666667      -0.101438005584863     
   7.11249000000000        5.92740833333333      -9.921741845221721E-002
   7.11249000000000        6.22367875000000      -9.729356216223599E-002
   7.11249000000000        6.51994916666667      -9.547819487085783E-002
   7.11249000000000        6.81621958333333      -9.332779151553217E-002
   7.11249000000000        7.11249000000000      -8.969355037036683E-002
