  2.000000000000000E-003  2.000000000000000E-003 -0.160998450438689     
  2.000000000000000E-003  0.298270416666667      -0.169689166551733     
  2.000000000000000E-003  0.594540833333333      -0.176419232303166     
  2.000000000000000E-003  0.890811250000000      -0.183050149588488     
  2.000000000000000E-003   1.18708166666667      -0.190119044828361     
  2.000000000000000E-003   1.48335208333333      -0.197656300204097     
  2.000000000000000E-003   1.77962250000000      -0.205595380010559     
  2.000000000000000E-003   2.07589291666667      -0.213662427396190     
  2.000000000000000E-003   2.37216333333333      -0.221396075515637     
  2.000000000000000E-003   2.66843375000000      -0.228212719385115     
  2.000000000000000E-003   2.96470416666667      -0.233677317299322     
  2.000000000000000E-003   3.26097458333333      -0.237258338739645     
  2.000000000000000E-003   3.55724500000000      -0.238504709621109     
  2.000000000000000E-003   3.85351541666667      -0.237241528923312     
  2.000000000000000E-003   4.14978583333333      -0.233645119169645     
  2.000000000000000E-003   4.44605625000000      -0.228167543416094     
  2.000000000000000E-003   4.74232666666667      -0.221340823302701     
  2.000000000000000E-003   5.03859708333333      -0.213600923837743     
  2.000000000000000E-003   5.33486750000000      -0.205529816273033     
  2.000000000000000E-003   5.63113791666667      -0.197587449549634     
  2.000000000000000E-003   5.92740833333333      -0.190046653259795     
  2.000000000000000E-003   6.22367875000000      -0.182971911503131     
  2.000000000000000E-003   6.51994916666667      -0.176315345030272     
  2.000000000000000E-003   6.81621958333333      -0.169508000940065     
  2.000000000000000E-003   7.11249000000000      -0.160788512800328     
  0.298270416666667       2.000000000000000E-003 -0.169689319225678     
  0.298270416666667       0.298270416666667      -0.181020091014612     
  0.298270416666667       0.594540833333333      -0.188728655343979     
  0.298270416666667       0.890811250000000      -0.195676283241881     
  0.298270416666667        1.18708166666667      -0.203770211781683     
  0.298270416666667        1.48335208333333      -0.213013623552445     
  0.298270416666667        1.77962250000000      -0.223072232169913     
  0.298270416666667        2.07589291666667      -0.233472308347304     
  0.298270416666667        2.37216333333333      -0.243483501165687     
  0.298270416666667        2.66843375000000      -0.252352900900754     
  0.298270416666667        2.96470416666667      -0.259494247969867     
  0.298270416666667        3.26097458333333      -0.264185687764549     
  0.298270416666667        3.55724500000000      -0.265821273910714     
  0.298270416666667        3.85351541666667      -0.264166099940995     
  0.298270416666667        4.14978583333333      -0.259456563563159     
  0.298270416666667        4.44605625000000      -0.252299501375703     
  0.298270416666667        4.74232666666667      -0.243416808878836     
  0.298270416666667        5.03859708333333      -0.233394532550586     
  0.298270416666667        5.33486750000000      -0.222982581412995     
  0.298270416666667        5.63113791666667      -0.212906617419494     
  0.298270416666667        5.92740833333333      -0.203634462025943     
  0.298270416666667        6.22367875000000      -0.195490872314991     
  0.298270416666667        6.51994916666667      -0.188459254878884     
  0.298270416666667        6.81621958333333      -0.180677988784679     
  0.298270416666667        7.11249000000000      -0.169508266807447     
  0.594540833333333       2.000000000000000E-003 -0.176419480572544     
  0.594540833333333       0.298270416666667      -0.188728698381507     
  0.594540833333333       0.594540833333333      -0.198857050875125     
  0.594540833333333       0.890811250000000      -0.207952933018277     
  0.594540833333333        1.18708166666667      -0.218211819918694     
  0.594540833333333        1.48335208333333      -0.230070524255244     
  0.594540833333333        1.77962250000000      -0.243159469666852     
  0.594540833333333        2.07589291666667      -0.256829662766775     
  0.594540833333333        2.37216333333333      -0.270100737034152     
  0.594540833333333        2.66843375000000      -0.281982289321235     
  0.594540833333333        2.96470416666667      -0.291624697381253     
  0.594540833333333        3.26097458333333      -0.297982903561257     
  0.594540833333333        3.55724500000000      -0.300204533374693     
  0.594540833333333        3.85351541666667      -0.297960835960298     
  0.594540833333333        4.14978583333333      -0.291582222388214     
  0.594540833333333        4.44605625000000      -0.281921871952478     
  0.594540833333333        4.74232666666667      -0.270024643738082     
  0.594540833333333        5.03859708333333      -0.256739204884106     
  0.594540833333333        5.33486750000000      -0.243051917443574     
  0.594540833333333        5.63113791666667      -0.229937070038374     
  0.594540833333333        5.92740833333333      -0.218037493299635     
  0.594540833333333        6.22367875000000      -0.207719284716669     
  0.594540833333333        6.51994916666667      -0.198563957015118     
  0.594540833333333        6.81621958333333      -0.188459604149369     
  0.594540833333333        7.11249000000000      -0.176315812254946     
  0.890811250000000       2.000000000000000E-003 -0.183050330259033     
  0.890811250000000       0.298270416666667      -0.195676374430525     
  0.890811250000000       0.594540833333333      -0.207952976247300     
  0.890811250000000       0.890811250000000      -0.220257723972859     
  0.890811250000000        1.18708166666667      -0.233937469588315     
  0.890811250000000        1.48335208333333      -0.249550378218098     
  0.890811250000000        1.77962250000000      -0.266890620584709     
  0.890811250000000        2.07589291666667      -0.285191122188361     
  0.890811250000000        2.37216333333333      -0.303092254125667     
  0.890811250000000        2.66843375000000      -0.319460156237884     
  0.890811250000000        2.96470416666667      -0.332895438541659     
  0.890811250000000        3.26097458333333      -0.341806737861022     
  0.890811250000000        3.55724500000000      -0.344930128106696     
  0.890811250000000        3.85351541666667      -0.341782304307110     
  0.890811250000000        4.14978583333333      -0.332848569830815     
  0.890811250000000        4.44605625000000      -0.319393887579482     
  0.890811250000000        4.74232666666667      -0.303009281637407     
  0.890811250000000        5.03859708333333      -0.285092711552759     
  0.890811250000000        5.33486750000000      -0.266775058266467     
  0.890811250000000        5.63113791666667      -0.249409804154433     
  0.890811250000000        5.92740833333333      -0.233761467457950     
  0.890811250000000        6.22367875000000      -0.220041929415972     
  0.890811250000000        6.51994916666667      -0.207719480274167     
  0.890811250000000        6.81621958333333      -0.195491297969989     
  0.890811250000000        7.11249000000000      -0.182972358072035     
   1.18708166666667       2.000000000000000E-003 -0.190119144971070     
   1.18708166666667       0.298270416666667      -0.203770316153942     
   1.18708166666667       0.594540833333333      -0.218211908262856     
   1.18708166666667       0.890811250000000      -0.233937523068467     
   1.18708166666667        1.18708166666667      -0.251818617590760     
   1.18708166666667        1.48335208333333      -0.272353451003071     
   1.18708166666667        1.77962250000000      -0.295402880918445     
   1.18708166666667        2.07589291666667      -0.320007593782829     
   1.18708166666667        2.37216333333333      -0.344627343970743     
   1.18708166666667        2.66843375000000      -0.367688337221416     
   1.18708166666667        2.96470416666667      -0.386911880193330     
   1.18708166666667        3.26097458333333      -0.399789779645496     
   1.18708166666667        3.55724500000000      -0.404328239817776     
   1.18708166666667        3.85351541666667      -0.399762164916501     
   1.18708166666667        4.14978583333333      -0.386859635348588     
   1.18708166666667        4.44605625000000      -0.367615938598652     
   1.18708166666667        4.74232666666667      -0.344538762685868     
   1.18708166666667        5.03859708333333      -0.319905094978517     
   1.18708166666667        5.33486750000000      -0.295286650164805     
   1.18708166666667        5.63113791666667      -0.272219361122108     
   1.18708166666667        5.92740833333333      -0.251661931802693     
   1.18708166666667        6.22367875000000      -0.233761594413017     
   1.18708166666667        6.51994916666667      -0.218037779023620     
   1.18708166666667        6.81621958333333      -0.203634896937751     
   1.18708166666667        7.11249000000000      -0.190047104718340     
   1.48335208333333       2.000000000000000E-003 -0.197656339196826     
   1.48335208333333       0.298270416666667      -0.213013709025271     
   1.48335208333333       0.594540833333333      -0.230070627612294     
   1.48335208333333       0.890811250000000      -0.249550470491356     
   1.48335208333333        1.18708166666667      -0.272353504720810     
   1.48335208333333        1.48335208333333      -0.299061547366211     
   1.48335208333333        1.77962250000000      -0.329521885879661     
   1.48335208333333        2.07589291666667      -0.362621067540549     
   1.48335208333333        2.37216333333333      -0.396928458023919     
   1.48335208333333        2.66843375000000      -0.429959075511889     
   1.48335208333333        2.96470416666667      -0.458129655935377     
   1.48335208333333        3.26097458333333      -0.477412298567720     
   1.48335208333333        3.55724500000000      -0.484273878605286     
   1.48335208333333        3.85351541666667      -0.477378744471585     
   1.48335208333333        4.14978583333333      -0.458067874528306     
   1.48335208333333        4.44605625000000      -0.429877139422780     
   1.48335208333333        4.74232666666667      -0.396832955023247     
   1.48335208333333        5.03859708333333      -0.362515606638664     
   1.48335208333333        5.33486750000000      -0.329407512317312     
   1.48335208333333        5.63113791666667      -0.298938099984977     
   1.48335208333333        5.92740833333333      -0.272219467942942     
   1.48335208333333        6.22367875000000      -0.249409990467014     
   1.48335208333333        6.51994916666667      -0.229937337541817     
   1.48335208333333        6.81621958333333      -0.212907002440325     
   1.48335208333333        7.11249000000000      -0.197587845350697     
   1.77962250000000       2.000000000000000E-003 -0.205595347220499     
   1.77962250000000       0.298270416666667      -0.223072257202792     
   1.77962250000000       0.594540833333333      -0.243159538631289     
   1.77962250000000       0.890811250000000      -0.266890713027129     
   1.77962250000000        1.18708166666667      -0.295402971459596     
   1.77962250000000        1.48335208333333      -0.329521949596480     
   1.77962250000000        1.77962250000000      -0.369202728065363     
   1.77962250000000        2.07589291666667      -0.413932501757182     
   1.77962250000000        2.37216333333333      -0.462011386905331     
   1.77962250000000        2.66843375000000      -0.510141454379832     
   1.77962250000000        2.96470416666667      -0.552879987993653     
   1.77962250000000        3.26097458333333      -0.583092010439222     
   1.77962250000000        3.55724500000000      -0.594084912914881     
   1.77962250000000        3.85351541666667      -0.583047517501350     
   1.77962250000000        4.14978583333333      -0.552801165306550     
   1.77962250000000        4.44605625000000      -0.510042371430945     
   1.77962250000000        4.74232666666667      -0.461903742477738     
   1.77962250000000        5.03859708333333      -0.413822446416153     
   1.77962250000000        5.33486750000000      -0.369090823954116     
   1.77962250000000        5.63113791666667      -0.329407613069157     
   1.77962250000000        5.92740833333333      -0.295286797381833     
   1.77962250000000        6.22367875000000      -0.266775221112178     
   1.77962250000000        6.51994916666667      -0.243052103367879     
   1.77962250000000        6.81621958333333      -0.222982838438724     
   1.77962250000000        7.11249000000000      -0.205530095329676     
   2.07589291666667       2.000000000000000E-003 -0.213662304059785     
   2.07589291666667       0.298270416666667      -0.233472236993999     
   2.07589291666667       0.594540833333333      -0.256829660128099     
   2.07589291666667       0.890811250000000      -0.285191194246031     
   2.07589291666667        1.18708166666667      -0.320007730192883     
   2.07589291666667        1.48335208333333      -0.362621231107347     
   2.07589291666667        1.77962250000000      -0.413932626879096     
   2.07589291666667        2.07589291666667      -0.474017220552136     
   2.07589291666667        2.37216333333333      -0.541594224196445     
   2.07589291666667        2.66843375000000      -0.612849002931256     
   2.07589291666667        2.96470416666667      -0.679730238967966     
   2.07589291666667        3.26097458333333      -0.729431680501050     
   2.07589291666667        3.55724500000000      -0.748069291359537     
   2.07589291666667        3.85351541666667      -0.729367947199915     
   2.07589291666667        4.14978583333333      -0.679622947455237     
   2.07589291666667        4.44605625000000      -0.612723489619798     
   2.07589291666667        4.74232666666667      -0.541468604377680     
   2.07589291666667        5.03859708333333      -0.473899258231583     
   2.07589291666667        5.33486750000000      -0.413822734508864     
   2.07589291666667        5.63113791666667      -0.362515943432028     
   2.07589291666667        5.92740833333333      -0.319905378786090     
   2.07589291666667        6.22367875000000      -0.285092909723112     
   2.07589291666667        6.51994916666667      -0.256739335635248     
   2.07589291666667        6.81621958333333      -0.233394661792478     
   2.07589291666667        7.11249000000000      -0.213601046266010     
   2.37216333333333       2.000000000000000E-003 -0.221395910951469     
   2.37216333333333       0.298270416666667      -0.243483376868741     
   2.37216333333333       0.594540833333333      -0.270100707913437     
   2.37216333333333       0.890811250000000      -0.303092357180449     
   2.37216333333333        1.18708166666667      -0.344627577789941     
   2.37216333333333        1.48335208333333      -0.396928777094385     
   2.37216333333333        1.77962250000000      -0.462011709999432     
   2.37216333333333        2.07589291666667      -0.541594422417578     
   2.37216333333333        2.37216333333333      -0.636089915617428     
   2.37216333333333        2.66843375000000      -0.742396789546072     
   2.37216333333333        2.96470416666667      -0.849620020697441     
   2.37216333333333        3.26097458333333      -0.934813659964919     
   2.37216333333333        3.55724500000000      -0.968121544976600     
   2.37216333333333        3.85351541666667      -0.934716373278709     
   2.37216333333333        4.14978583333333      -0.849467741950035     
   2.37216333333333        4.44605625000000      -0.742235346077698     
   2.37216333333333        4.74232666666667      -0.635943690038923     
   2.37216333333333        5.03859708333333      -0.541469216951325     
   2.37216333333333        5.33486750000000      -0.461904563558163     
   2.37216333333333        5.63113791666667      -0.396833657161335     
   2.37216333333333        5.92740833333333      -0.344539325082752     
   2.37216333333333        6.22367875000000      -0.303009584129807     
   2.37216333333333        6.51994916666667      -0.270024838284026     
   2.37216333333333        6.81621958333333      -0.243416926892119     
   2.37216333333333        7.11249000000000      -0.221340925529562     
   2.66843375000000       2.000000000000000E-003 -0.228212579283349     
   2.66843375000000       0.298270416666667      -0.252352796677345     
   2.66843375000000       0.594540833333333      -0.281982301737436     
   2.66843375000000       0.890811250000000      -0.319460344884990     
   2.66843375000000        1.18708166666667      -0.367688712759661     
   2.66843375000000        1.48335208333333      -0.429959598538056     
   2.66843375000000        1.77962250000000      -0.510142008769487     
   2.66843375000000        2.07589291666667      -0.612849419369213     
   2.66843375000000        2.37216333333333      -0.742396995439928     
   2.66843375000000        2.66843375000000      -0.899161084299636     
   2.66843375000000        2.96470416666667       -1.07009485953377     
   2.66843375000000        3.26097458333333       -1.21602151651911     
   2.66843375000000        3.55724500000000       -1.27609893144938     
   2.66843375000000        3.85351541666667       -1.21586857171768     
   2.66843375000000        4.14978583333333       -1.06988055562218     
   2.66843375000000        4.44605625000000      -0.898961495301859     
   2.66843375000000        4.74232666666667      -0.742236468578711     
   2.66843375000000        5.03859708333333      -0.612725039979556     
   2.66843375000000        5.33486750000000      -0.510043948204622     
   2.66843375000000        5.63113791666667      -0.429878425001786     
   2.66843375000000        5.92740833333333      -0.367616844284586     
   2.66843375000000        6.22367875000000      -0.319394450557368     
   2.66843375000000        6.51994916666667      -0.281922155295383     
   2.66843375000000        6.81621958333333      -0.252299622246742     
   2.66843375000000        7.11249000000000      -0.228167694615429     
   2.96470416666667       2.000000000000000E-003 -0.233677231564809     
   2.96470416666667       0.298270416666667      -0.259494197526044     
   2.96470416666667       0.594540833333333      -0.291624779356116     
   2.96470416666667       0.890811250000000      -0.332895728948277     
   2.96470416666667        1.18708166666667      -0.386912404037565     
   2.96470416666667        1.48335208333333      -0.458130393762465     
   2.96470416666667        1.77962250000000      -0.552880755335684     
   2.96470416666667        2.07589291666667      -0.679730861210668     
   2.96470416666667        2.37216333333333      -0.849620420238736     
   2.96470416666667        2.66843375000000       -1.07009500832257     
   2.96470416666667        2.96470416666667       -1.32466189389335     
   2.96470416666667        3.26097458333333       -1.54758841611261     
   2.96470416666667        3.55724500000000       -1.64029481824272     
   2.96470416666667        3.85351541666667       -1.54736410487858     
   2.96470416666667        4.14978583333333       -1.32439427876099     
   2.96470416666667        4.44605625000000       -1.06988278504272     
   2.96470416666667        4.74232666666667      -0.849470597697576     
   2.96470416666667        5.03859708333333      -0.679625793512655     
   2.96470416666667        5.33486750000000      -0.552803606200088     
   2.96470416666667        5.63113791666667      -0.458069766560536     
   2.96470416666667        5.92740833333333      -0.386860937219467     
   2.96470416666667        6.22367875000000      -0.332849363282837     
   2.96470416666667        6.51994916666667      -0.291582639074960     
   2.96470416666667        6.81621958333333      -0.259456814894821     
   2.96470416666667        7.11249000000000      -0.233645319624185     
   3.26097458333333       2.000000000000000E-003 -0.237258291776156     
   3.26097458333333       0.298270416666667      -0.264185675176801     
   3.26097458333333       0.594540833333333      -0.297983031783338     
   3.26097458333333       0.890811250000000      -0.341807093900621     
   3.26097458333333        1.18708166666667      -0.399790402660259     
   3.26097458333333        1.48335208333333      -0.477413175334796     
   3.26097458333333        1.77962250000000      -0.583092926355787     
   3.26097458333333        2.07589291666667      -0.729432474648633     
   3.26097458333333        2.37216333333333      -0.934814259021122     
   3.26097458333333        2.66843375000000       -1.21602180378230     
   3.26097458333333        2.96470416666667       -1.54758834257516     
   3.26097458333333        3.26097458333333       -1.80508862027905     
   3.26097458333333        3.55724500000000       -1.90072244242102     
   3.26097458333333        3.85351541666667       -1.80486543337075     
   3.26097458333333        4.14978583333333       -1.54736769519399     
   3.26097458333333        4.44605625000000       -1.21587423322341     
   3.26097458333333        4.74232666666667      -0.934721544595010     
   3.26097458333333        5.03859708333333      -0.729372120719060     
   3.26097458333333        5.33486750000000      -0.583050804371555     
   3.26097458333333        5.63113791666667      -0.477381217702023     
   3.26097458333333        5.92740833333333      -0.399763823413669     
   3.26097458333333        6.22367875000000      -0.341783292414179     
   3.26097458333333        6.51994916666667      -0.297961415182736     
   3.26097458333333        6.81621958333333      -0.264166397564361     
   3.26097458333333        7.11249000000000      -0.237241811619990     
   3.55724500000000       2.000000000000000E-003 -0.238504650029905     
   3.55724500000000       0.298270416666667      -0.265821244464051     
   3.55724500000000       0.594540833333333      -0.300204643873598     
   3.55724500000000       0.890811250000000      -0.344930471119841     
   3.55724500000000        1.18708166666667      -0.404328863292550     
   3.55724500000000        1.48335208333333      -0.484274775727621     
   3.55724500000000        1.77962250000000      -0.594085859108602     
   3.55724500000000        2.07589291666667      -0.748070166635167     
   3.55724500000000        2.37216333333333      -0.968122317565176     
   3.55724500000000        2.66843375000000       -1.27609949236051     
   3.55724500000000        2.96470416666667       -1.64029500245777     
   3.55724500000000        3.26097458333333       -1.90072244893827     
   3.55724500000000        3.55724500000000       -2.04384127349474     
   3.55724500000000        3.85351541666667       -1.90072596225934     
   3.55724500000000        4.14978583333333       -1.64030254950266     
   3.55724500000000        4.44605625000000       -1.27610776234900     
   3.55724500000000        4.74232666666667      -0.968128718169470     
   3.55724500000000        5.03859708333333      -0.748074623667646     
   3.55724500000000        5.33486750000000      -0.594088802669382     
   3.55724500000000        5.63113791666667      -0.484276823645688     
   3.55724500000000        5.92740833333333      -0.404330143949781     
   3.55724500000000        6.22367875000000      -0.344931244303118     
   3.55724500000000        6.51994916666667      -0.300205210480879     
   3.55724500000000        6.81621958333333      -0.265821618859026     
   3.55724500000000        7.11249000000000      -0.238505002182017     
   3.85351541666667       2.000000000000000E-003 -0.237241398561242     
   3.85351541666667       0.298270416666667      -0.264165991441616     
   3.85351541666667       0.594540833333333      -0.297960856626198     
   3.85351541666667       0.890811250000000      -0.341782546626110     
   3.85351541666667        1.18708166666667      -0.399762676823864     
   3.85351541666667        1.48335208333333      -0.477379519139447     
   3.85351541666667        1.77962250000000      -0.583048355178526     
   3.85351541666667        2.07589291666667      -0.729368741542629     
   3.85351541666667        2.37216333333333      -0.934717133021099     
   3.85351541666667        2.66843375000000       -1.21586925625071     
   3.85351541666667        2.96470416666667       -1.54736453733222     
   3.85351541666667        3.26097458333333       -1.80486526784503     
   3.85351541666667        3.55724500000000       -1.90072537184329     
   3.85351541666667        3.85351541666667       -1.80509500508075     
   3.85351541666667        4.14978583333333       -1.54760006247412     
   3.85351541666667        4.44605625000000       -1.21603263700242     
   3.85351541666667        4.74232666666667      -0.934821749352305     
   3.85351541666667        5.03859708333333      -0.729437345594184     
   3.85351541666667        5.33486750000000      -0.583096101935633     
   3.85351541666667        5.63113791666667      -0.477415242663739     
   3.85351541666667        5.92740833333333      -0.399791707212350     
   3.85351541666667        6.22367875000000      -0.341807875511509     
   3.85351541666667        6.51994916666667      -0.297983488803262     
   3.85351541666667        6.81621958333333      -0.264185945142711     
   3.85351541666667        7.11249000000000      -0.237258558332105     
   4.14978583333333       2.000000000000000E-003 -0.233644883428132     
   4.14978583333333       0.298270416666667      -0.259456341046551     
   4.14978583333333       0.594540833333333      -0.291582111631701     
   4.14978583333333       0.890811250000000      -0.332848656694855     
   4.14978583333333        1.18708166666667      -0.386859960739581     
   4.14978583333333        1.48335208333333      -0.458068429231884     
   4.14978583333333        1.77962250000000      -0.552801778498949     
   4.14978583333333        2.07589291666667      -0.679623508760558     
   4.14978583333333        2.37216333333333      -0.849468246482195     
   4.14978583333333        2.66843375000000       -1.06988095703697     
   4.14978583333333        2.96470416666667       -1.32439436321743     
   4.14978583333333        3.26097458333333       -1.54736715903561     
   4.14978583333333        3.55724500000000       -1.64030167252611     
   4.14978583333333        3.85351541666667       -1.54759963054408     
   4.14978583333333        4.14978583333333       -1.32467405481632     
   4.14978583333333        4.44605625000000       -1.07010524642257     
   4.14978583333333        4.74232666666667      -0.849627468773152     
   4.14978583333333        5.03859708333333      -0.679735634949894     
   4.14978583333333        5.33486750000000      -0.552883876904982     
   4.14978583333333        5.63113791666667      -0.458132352578334     
   4.14978583333333        5.92740833333333      -0.386913642422254     
   4.14978583333333        6.22367875000000      -0.332896465975282     
   4.14978583333333        6.51994916666667      -0.291625153629556     
   4.14978583333333        6.81621958333333      -0.259494414802489     
   4.14978583333333        7.11249000000000      -0.233677375058325     
   4.44605625000000       2.000000000000000E-003 -0.228167210629221     
   4.44605625000000       0.298270416666667      -0.252299178866882     
   4.44605625000000       0.594540833333333      -0.281921642690858     
   4.44605625000000       0.890811250000000      -0.319393823531919     
   4.44605625000000        1.18708166666667      -0.367616070901111     
   4.44605625000000        1.48335208333333      -0.429877443559661     
   4.44605625000000        1.77962250000000      -0.510042732357477     
   4.44605625000000        2.07589291666667      -0.612723784810100     
   4.44605625000000        2.37216333333333      -0.742235551645306     
   4.44605625000000        2.66843375000000      -0.898961575151329     
   4.44605625000000        2.96470416666667       -1.06988262578965     
   4.44605625000000        3.26097458333333       -1.21587376556809     
   4.44605625000000        3.55724500000000       -1.27610721477277     
   4.44605625000000        3.85351541666667       -1.21603234767863     
   4.44605625000000        4.14978583333333       -1.07010520657990     
   4.44605625000000        4.44605625000000      -0.899169255612539     
   4.44605625000000        4.74232666666667      -0.742402967345843     
   4.44605625000000        5.03859708333333      -0.612853536698387     
   4.44605625000000        5.33486750000000      -0.510144803339198     
   4.44605625000000        5.63113791666667      -0.429961394687340     
   4.44605625000000        5.92740833333333      -0.367689789394696     
   4.44605625000000        6.22367875000000      -0.319460940124764     
   4.44605625000000        6.51994916666667      -0.281982562671810     
   4.44605625000000        6.81621958333333      -0.252352906366843     
   4.44605625000000        7.11249000000000      -0.228212687263771     
   4.74232666666667       2.000000000000000E-003 -0.221340437554574     
   4.74232666666667       0.298270416666667      -0.243416444049478     
   4.74232666666667       0.594540833333333      -0.270024359505495     
   4.74232666666667       0.890811250000000      -0.303009127298189     
   4.74232666666667        1.18708166666667      -0.344538757916734     
   4.74232666666667        1.48335208333333      -0.396833074632091     
   4.74232666666667        1.77962250000000      -0.461903905197591     
   4.74232666666667        2.07589291666667      -0.541468708358449     
   4.74232666666667        2.37216333333333      -0.635943716307878     
   4.74232666666667        2.66843375000000      -0.742236424622486     
   4.74232666666667        2.96470416666667      -0.849470477953329     
   4.74232666666667        3.26097458333333      -0.934721373810920     
   4.74232666666667        3.55724500000000      -0.968128596944093     
   4.74232666666667        3.85351541666667      -0.934821758915400     
   4.74232666666667        4.14978583333333      -0.849627559216440     
   4.74232666666667        4.44605625000000      -0.742403033440543     
   4.74232666666667        4.74232666666667      -0.636094615093787     
   4.74232666666667        5.03859708333333      -0.541597788051188     
   4.74232666666667        5.33486750000000      -0.462014016683313     
   4.74232666666667        5.63113791666667      -0.396930307476102     
   4.74232666666667        5.92740833333333      -0.344628473676563     
   4.74232666666667        6.22367875000000      -0.303092787780583     
   4.74232666666667        6.51994916666667      -0.270100888481429     
   4.74232666666667        6.81621958333333      -0.243483435546984     
   4.74232666666667        7.11249000000000      -0.221395895200339     
   5.03859708333333       2.000000000000000E-003 -0.213600541844904     
   5.03859708333333       0.298270416666667      -0.233394202727124     
   5.03859708333333       0.594540833333333      -0.256738954434752     
   5.03859708333333       0.890811250000000      -0.285092557330817     
   5.03859708333333        1.18708166666667      -0.319905040392770     
   5.03859708333333        1.48335208333333      -0.362515635214267     
   5.03859708333333        1.77962250000000      -0.413822508540388     
   5.03859708333333        2.07589291666667      -0.473899278424727     
   5.03859708333333        2.37216333333333      -0.541469183282192     
   5.03859708333333        2.66843375000000      -0.612724990952044     
   5.03859708333333        2.96470416666667      -0.679625769937248     
   5.03859708333333        3.26097458333333      -0.729372153316105     
   5.03859708333333        3.55724500000000      -0.748074729591192     
   5.03859708333333        3.85351541666667      -0.729437506254174     
   5.03859708333333        4.14978583333333      -0.679735792626731     
   5.03859708333333        4.44605625000000      -0.612853642966417     
   5.03859708333333        4.74232666666667      -0.541597836166190     
   5.03859708333333        5.03859708333333      -0.474019927783713     
   5.03859708333333        5.33486750000000      -0.413934484456964     
   5.03859708333333        5.63113791666667      -0.362622434815164     
   5.03859708333333        5.92740833333333      -0.320008405839774     
   5.03859708333333        6.22367875000000      -0.285191462895179     
   5.03859708333333        6.51994916666667      -0.256829708529481     
   5.03859708333333        6.81621958333333      -0.233472180336154     
   5.03859708333333        7.11249000000000      -0.213662211447516     
   5.33486750000000       2.000000000000000E-003 -0.205529538095875     
   5.33486750000000       0.298270416666667      -0.222982378188877     
   5.33486750000000       0.594540833333333      -0.243051784435505     
   5.33486750000000       0.890811250000000      -0.266774984815371     
   5.33486750000000        1.18708166666667      -0.295286628671474     
   5.33486750000000        1.48335208333333      -0.329407532236543     
   5.33486750000000        1.77962250000000      -0.369090869930788     
   5.33486750000000        2.07589291666667      -0.413822769812735     
   5.33486750000000        2.37216333333333      -0.461904552924911     
   5.33486750000000        2.66843375000000      -0.510043922827332     
   5.33486750000000        2.96470416666667      -0.552803611074953     
   5.33486750000000        3.26097458333333      -0.583050864906372     
   5.33486750000000        3.55724500000000      -0.594088915387496     
   5.33486750000000        3.85351541666667      -0.583096240716209     
   5.33486750000000        4.14978583333333      -0.552884010360565     
   5.33486750000000        4.44605625000000      -0.510144918608797     
   5.33486750000000        4.74232666666667      -0.462014116775447     
   5.33486750000000        5.03859708333333      -0.413934556656437     
   5.33486750000000        5.33486750000000      -0.369204139421177     
   5.33486750000000        5.63113791666667      -0.329522815925288     
   5.33486750000000        5.92740833333333      -0.295403378125808     
   5.33486750000000        6.22367875000000      -0.266890834692925     
   5.33486750000000        6.51994916666667      -0.243159439646119     
   5.33486750000000        6.81621958333333      -0.223072107691450     
   5.33486750000000        7.11249000000000      -0.205595243477010     
   5.63113791666667       2.000000000000000E-003 -0.197587304309351     
   5.63113791666667       0.298270416666667      -0.212906563021717     
   5.63113791666667       0.594540833333333      -0.229937067498159     
   5.63113791666667       0.890811250000000      -0.249409819845650     
   5.63113791666667        1.18708166666667      -0.272219391422357     
   5.63113791666667        1.48335208333333      -0.298938156483683     
   5.63113791666667        1.77962250000000      -0.329407692956591     
   5.63113791666667        2.07589291666667      -0.362516036516894     
   5.63113791666667        2.37216333333333      -0.396833737519777     
   5.63113791666667        2.66843375000000      -0.429878474343668     
   5.63113791666667        2.96470416666667      -0.458069793395157     
   5.63113791666667        3.26097458333333      -0.477381253258637     
   5.63113791666667        3.55724500000000      -0.484276883717033     
   5.63113791666667        3.85351541666667      -0.477415338071841     
   5.63113791666667        4.14978583333333      -0.458132489550888     
   5.63113791666667        4.44605625000000      -0.429961581208963     
   5.63113791666667        4.74232666666667      -0.396930515102552     
   5.63113791666667        5.03859708333333      -0.362622611772740     
   5.63113791666667        5.33486750000000      -0.329522913998951     
   5.63113791666667        5.63113791666667      -0.299062179375243     
   5.63113791666667        5.92740833333333      -0.272353741480413     
   5.63113791666667        6.22367875000000      -0.249550481348265     
   5.63113791666667        6.51994916666667      -0.230070490485309     
   5.63113791666667        6.81621958333333      -0.213013518616121     
   5.63113791666667        7.11249000000000      -0.197656164552458     
   5.92740833333333       2.000000000000000E-003 -0.190046605981365     
   5.92740833333333       0.298270416666667      -0.203634501942489     
   5.92740833333333       0.594540833333333      -0.218037548925800     
   5.92740833333333       0.890811250000000      -0.233761497314035     
   5.92740833333333        1.18708166666667      -0.251661955624849     
   5.92740833333333        1.48335208333333      -0.272219531434627     
   5.92740833333333        1.77962250000000      -0.295286922273105     
   5.92740833333333        2.07589291666667      -0.319905545086128     
   5.92740833333333        2.37216333333333      -0.344539506649025     
   5.92740833333333        2.66843375000000      -0.367617006583779     
   5.92740833333333        2.96470416666667      -0.386861063703541     
   5.92740833333333        3.26097458333333      -0.399763926859806     
   5.92740833333333        3.55724500000000      -0.404330259295906     
   5.92740833333333        3.85351541666667      -0.399791874123856     
   5.92740833333333        4.14978583333333      -0.386913884710345     
   5.92740833333333        4.44605625000000      -0.367690097662363     
   5.92740833333333        4.74232666666667      -0.344628802687604     
   5.92740833333333        5.03859708333333      -0.320008692103446     
   5.92740833333333        5.33486750000000      -0.295403567103652     
   5.92740833333333        5.63113791666667      -0.272353806940045     
   5.92740833333333        5.92740833333333      -0.251818683475172     
   5.92740833333333        6.22367875000000      -0.233937423845084     
   5.92740833333333        6.51994916666667      -0.218211727671938     
   5.92740833333333        6.81621958333333      -0.203770130232586     
   5.92740833333333        7.11249000000000      -0.190119000824660     
   6.22367875000000       2.000000000000000E-003 -0.182971938313384     
   6.22367875000000       0.298270416666667      -0.195490924460532     
   6.22367875000000       0.594540833333333      -0.207719265399960     
   6.22367875000000       0.890811250000000      -0.220041843271829     
   6.22367875000000        1.18708166666667      -0.233761510412611     
   6.22367875000000        1.48335208333333      -0.249409988257065     
   6.22367875000000        1.77962250000000      -0.266775344383406     
   6.22367875000000        2.07589291666667      -0.285093130572232     
   6.22367875000000        2.37216333333333      -0.303009851801263     
   6.22367875000000        2.66843375000000      -0.319394716421450     
   6.22367875000000        2.96470416666667      -0.332849595674715     
   6.22367875000000        3.26097458333333      -0.341783496169450     
   6.22367875000000        3.55724500000000      -0.344931457034677     
   6.22367875000000        3.85351541666667      -0.341808144071063     
   6.22367875000000        4.14978583333333      -0.332896816215198     
   6.22367875000000        4.44605625000000      -0.319461356735556     
   6.22367875000000        4.74232666666667      -0.303093216412353     
   6.22367875000000        5.03859708333333      -0.285191832848511     
   6.22367875000000        5.33486750000000      -0.266891066587493     
   6.22367875000000        5.63113791666667      -0.249550542916118     
   6.22367875000000        5.92740833333333      -0.233937396286607     
   6.22367875000000        6.22367875000000      -0.220257529296256     
   6.22367875000000        6.51994916666667      -0.207952751652092     
   6.22367875000000        6.81621958333333      -0.195676204643781     
   6.22367875000000        7.11249000000000      -0.183050176907403     
   6.51994916666667       2.000000000000000E-003 -0.176315433982310     
   6.51994916666667       0.298270416666667      -0.188459212225949     
   6.51994916666667       0.594540833333333      -0.198563712187455     
   6.51994916666667       0.890811250000000      -0.207719165316237     
   6.51994916666667        1.18708166666667      -0.218037508795965     
   6.51994916666667        1.48335208333333      -0.229937204266592     
   6.51994916666667        1.77962250000000      -0.243052159535000     
   6.51994916666667        2.07589291666667      -0.256739554569716     
   6.51994916666667        2.37216333333333      -0.270025133160864     
   6.51994916666667        2.66843375000000      -0.281922464555376     
   6.51994916666667        2.96470416666667      -0.291582921368512     
   6.51994916666667        3.26097458333333      -0.297961670069469     
   6.51994916666667        3.55724500000000      -0.300205474666788     
   6.51994916666667        3.85351541666667      -0.297983809808589     
   6.51994916666667        4.14978583333333      -0.291625556119570     
   6.51994916666667        4.44605625000000      -0.281983028052377     
   6.51994916666667        4.74232666666667      -0.270101359851595     
   6.51994916666667        5.03859708333333      -0.256830115094912     
   6.51994916666667        5.33486750000000      -0.243159661537621     
   6.51994916666667        5.63113791666667      -0.230070498002581     
   6.51994916666667        5.92740833333333      -0.218211615918302     
   6.51994916666667        6.22367875000000      -0.207952656038872     
   6.51994916666667        6.51994916666667      -0.198856738119839     
   6.51994916666667        6.81621958333333      -0.188728475965180     
   6.51994916666667        7.11249000000000      -0.176419309764469     
   6.81621958333333       2.000000000000000E-003 -0.169507971631405     
   6.81621958333333       0.298270416666667      -0.180677689042915     
   6.81621958333333       0.594540833333333      -0.188459093865530     
   6.81621958333333       0.890811250000000      -0.195490783601334     
   6.81621958333333        1.18708166666667      -0.203634463870575     
   6.81621958333333        1.48335208333333      -0.212906728908616     
   6.81621958333333        1.77962250000000      -0.222982781883321     
   6.81621958333333        2.07589291666667      -0.233394801471620     
   6.81621958333333        2.37216333333333      -0.243417161810268     
   6.81621958333333        2.66843375000000      -0.252299876346946     
   6.81621958333333        2.96470416666667      -0.259457043698063     
   6.81621958333333        3.26097458333333      -0.264166600527708     
   6.81621958333333        3.55724500000000      -0.265821833754519     
   6.81621958333333        3.85351541666667      -0.264186220302369     
   6.81621958333333        4.14978583333333      -0.259494774630253     
   6.81621958333333        4.44605625000000      -0.252353332581707     
   6.81621958333333        4.74232666666667      -0.243483875120185     
   6.81621958333333        5.03859708333333      -0.233472561975754     
   6.81621958333333        5.33486750000000      -0.223072289722994     
   6.81621958333333        5.63113791666667      -0.213013467559789     
   6.81621958333333        5.92740833333333      -0.203769945428220     
   6.81621958333333        6.22367875000000      -0.195676024976271     
   6.81621958333333        6.51994916666667      -0.188728385533549     
   6.81621958333333        6.81621958333333      -0.181019955703627     
   6.81621958333333        7.11249000000000      -0.169689185465719     
   7.11249000000000       2.000000000000000E-003 -0.160788369976989     
   7.11249000000000       0.298270416666667      -0.169507898166942     
   7.11249000000000       0.594540833333333      -0.176315319147546     
   7.11249000000000       0.890811250000000      -0.182971849709359     
   7.11249000000000        1.18708166666667      -0.190046632386382     
   7.11249000000000        1.48335208333333      -0.197587487803406     
   7.11249000000000        1.77962250000000      -0.205529924362118     
   7.11249000000000        2.07589291666667      -0.213601057993208     
   7.11249000000000        2.37216333333333      -0.221341024873000     
   7.11249000000000        2.66843375000000      -0.228167802496882     
   7.11249000000000        2.96470416666667      -0.233645396211177     
   7.11249000000000        3.26097458333333      -0.237241862498900     
   7.11249000000000        3.55724500000000      -0.238505069769711     
   7.11249000000000        3.85351541666667      -0.237258693640037     
   7.11249000000000        4.14978583333333      -0.233677604357366     
   7.11249000000000        4.44605625000000      -0.228212995864370     
   7.11249000000000        4.74232666666667      -0.221396238004456     
   7.11249000000000        5.03859708333333      -0.213662526525494     
   7.11249000000000        5.33486750000000      -0.205595381503840     
   7.11249000000000        5.63113791666667      -0.197656085682658     
   7.11249000000000        5.92740833333333      -0.190118796018264     
   7.11249000000000        6.22367875000000      -0.183049978266836     
   7.11249000000000        6.51994916666667      -0.176419197002725     
   7.11249000000000        6.81621958333333      -0.169689165132145     
   7.11249000000000        7.11249000000000      -0.160998455137181     
