  2.000000000000000E-003  2.000000000000000E-003  -2.04384366258722     
  2.000000000000000E-003  0.298270416666667       -1.90000636572058     
  2.000000000000000E-003  0.594540833333333       -1.63882840739003     
  2.000000000000000E-003  0.890811250000000       -1.27447991592044     
  2.000000000000000E-003   1.18708166666667      -0.966860076069571     
  2.000000000000000E-003   1.48335208333333      -0.747196246866654     
  2.000000000000000E-003   1.77962250000000      -0.593497396239943     
  2.000000000000000E-003   2.07589291666667      -0.483886450308912     
  2.000000000000000E-003   2.37216333333333      -0.404076743966644     
  2.000000000000000E-003   2.66843375000000      -0.344773332587468     
  2.000000000000000E-003   2.96470416666667      -0.300110791681686     
  2.000000000000000E-003   3.26097458333333      -0.265765252755421     
  2.000000000000000E-003   3.55724500000000      -0.238468434953535     
  2.000000000000000E-003   3.85351541666667      -0.215959362177660     
  2.000000000000000E-003   4.14978583333333      -0.196875781907446     
  2.000000000000000E-003   4.44605625000000      -0.180503562974335     
  2.000000000000000E-003   4.74232666666667      -0.166461015261281     
  2.000000000000000E-003   5.03859708333333      -0.154451056580249     
  2.000000000000000E-003   5.33486750000000      -0.144149506640626     
  2.000000000000000E-003   5.63113791666667      -0.135306899899553     
  2.000000000000000E-003   5.92740833333333      -0.127704463454158     
  2.000000000000000E-003   6.22367875000000      -0.121114312005377     
  2.000000000000000E-003   6.51994916666667      -0.115169212459592     
  2.000000000000000E-003   6.81621958333333      -0.109007259529808     
  2.000000000000000E-003   7.11249000000000      -0.102153072583514     
  0.298270416666667       2.000000000000000E-003  -1.90000617050628     
  0.298270416666667       0.298270416666667       -1.80386289432082     
  0.298270416666667       0.594540833333333       -1.54536112813389     
  0.298270416666667       0.890811250000000       -1.21392524516899     
  0.298270416666667        1.18708166666667      -0.933329631405981     
  0.298270416666667        1.48335208333333      -0.728450883885174     
  0.298270416666667        1.77962250000000      -0.582439785935855     
  0.298270416666667        2.07589291666667      -0.476986271262440     
  0.298270416666667        2.37216333333333      -0.399515716296570     
  0.298270416666667        2.66843375000000      -0.341636702840067     
  0.298270416666667        2.96470416666667      -0.297881361117723     
  0.298270416666667        3.26097458333333      -0.264124748715218     
  0.298270416666667        3.55724500000000      -0.237218652994670     
  0.298270416666667        3.85351541666667      -0.214977492234734     
  0.298270416666667        4.14978583333333      -0.196086265459604     
  0.298270416666667        4.44605625000000      -0.179856740480079     
  0.298270416666667        4.74232666666667      -0.165919247171285     
  0.298270416666667        5.03859708333333      -0.153983624442719     
  0.298270416666667        5.33486750000000      -0.143731947248257     
  0.298270416666667        5.63113791666667      -0.134913907383787     
  0.298270416666667        5.92740833333333      -0.127314993125759     
  0.298270416666667        6.22367875000000      -0.120709258280971     
  0.298270416666667        6.51994916666667      -0.114707519914745     
  0.298270416666667        6.81621958333333      -0.108268229609420     
  0.298270416666667        7.11249000000000      -0.101070888217789     
  0.594540833333333       2.000000000000000E-003  -1.63882827094302     
  0.594540833333333       0.298270416666667       -1.54536100527572     
  0.594540833333333       0.594540833333333       -1.32231849820244     
  0.594540833333333       0.890811250000000       -1.06811308790725     
  0.594540833333333        1.18708166666667      -0.848215059419551     
  0.594540833333333        1.48335208333333      -0.678767664789658     
  0.594540833333333        1.77962250000000      -0.552234575957635     
  0.594540833333333        2.07589291666667      -0.457708068039191     
  0.594540833333333        2.37216333333333      -0.386638715194065     
  0.594540833333333        2.66843375000000      -0.332726608555479     
  0.594540833333333        2.96470416666667      -0.291524010099077     
  0.594540833333333        3.26097458333333      -0.259433571459444     
  0.594540833333333        3.55724500000000      -0.233637336755543     
  0.594540833333333        3.85351541666667      -0.212161489777333     
  0.594540833333333        4.14978583333333      -0.193821075059864     
  0.594540833333333        4.44605625000000      -0.177998946098635     
  0.594540833333333        4.74232666666667      -0.164359750717487     
  0.594540833333333        5.03859708333333      -0.152631126063754     
  0.594540833333333        5.33486750000000      -0.142514397295363     
  0.594540833333333        5.63113791666667      -0.133753441520303     
  0.594540833333333        5.92740833333333      -0.126124002330710     
  0.594540833333333        6.22367875000000      -0.119342542114507     
  0.594540833333333        6.51994916666667      -0.112865737766108     
  0.594540833333333        6.81621958333333      -0.105786537754527     
  0.594540833333333        7.11249000000000      -9.888197830503659E-002
  0.890811250000000       2.000000000000000E-003  -1.27448006265746     
  0.890811250000000       0.298270416666667       -1.21392533388675     
  0.890811250000000       0.594540833333333       -1.06811317071535     
  0.890811250000000       0.890811250000000      -0.897581537806497     
  0.890811250000000        1.18708166666667      -0.741213276257320     
  0.890811250000000        1.48335208333333      -0.612010046197914     
  0.890811250000000        1.77962250000000      -0.509564661178821     
  0.890811250000000        2.07589291666667      -0.429572501761371     
  0.890811250000000        2.37216333333333      -0.367438355548666     
  0.890811250000000        2.66843375000000      -0.319306324968147     
  0.890811250000000        2.96470416666667      -0.281890948861017     
  0.890811250000000        3.26097458333333      -0.252297777091922     
  0.890811250000000        3.55724500000000      -0.228176061073611     
  0.890811250000000        3.85351541666667      -0.207860852264193     
  0.890811250000000        4.14978583333333      -0.190356896941363     
  0.890811250000000        4.44605625000000      -0.175150974524966     
  0.890811250000000        4.74232666666667      -0.161960135550596     
  0.890811250000000        5.03859708333333      -0.150541488997536     
  0.890811250000000        5.33486750000000      -0.140623985671767     
  0.890811250000000        5.63113791666667      -0.131949044897605     
  0.890811250000000        5.92740833333333      -0.124277411163887     
  0.890811250000000        6.22367875000000      -0.117301677985205     
  0.890811250000000        6.51994916666667      -0.110567148186641     
  0.890811250000000        6.81621958333333      -0.103735476031590     
  0.890811250000000        7.11249000000000      -9.750858241783135E-002
   1.18708166666667       2.000000000000000E-003 -0.966860450338525     
   1.18708166666667       0.298270416666667      -0.933329954384251     
   1.18708166666667       0.594540833333333      -0.848215309138217     
   1.18708166666667       0.890811250000000      -0.741213411898552     
   1.18708166666667        1.18708166666667      -0.635171360968699     
   1.18708166666667        1.48335208333333      -0.540917391088626     
   1.18708166666667        1.77962250000000      -0.461529068946434     
   1.18708166666667        2.07589291666667      -0.396601830916785     
   1.18708166666667        2.37216333333333      -0.344416253502343     
   1.18708166666667        2.66843375000000      -0.302963172513458     
   1.18708166666667        2.96470416666667      -0.270024610163323     
   1.18708166666667        3.26097458333333      -0.243437603941278     
   1.18708166666667        3.55724500000000      -0.221365209236609     
   1.18708166666667        3.85351541666667      -0.202487856506685     
   1.18708166666667        4.14978583333333      -0.186024570876019     
   1.18708166666667        4.44605625000000      -0.171582396943177     
   1.18708166666667        4.74232666666667      -0.158942471520447     
   1.18708166666667        5.03859708333333      -0.147903631904169     
   1.18708166666667        5.33486750000000      -0.138231001647656     
   1.18708166666667        5.63113791666667      -0.129688079701279     
   1.18708166666667        5.92740833333333      -0.122049440147255     
   1.18708166666667        6.22367875000000      -0.115058360306289     
   1.18708166666667        6.51994916666667      -0.108437272820022     
   1.18708166666667        6.81621958333333      -0.102091736403504     
   1.18708166666667        7.11249000000000      -9.635296051861383E-002
   1.48335208333333       2.000000000000000E-003 -0.747196686072317     
   1.48335208333333       0.298270416666667      -0.728451301203784     
   1.48335208333333       0.594540833333333      -0.678768010425028     
   1.48335208333333       0.890811250000000      -0.612010284479720     
   1.48335208333333        1.18708166666667      -0.540917506334541     
   1.48335208333333        1.48335208333333      -0.473501872953306     
   1.48335208333333        1.77962250000000      -0.413558325175625     
   1.48335208333333        2.07589291666667      -0.362364370337439     
   1.48335208333333        2.37216333333333      -0.319842020271670     
   1.48335208333333        2.66843375000000      -0.285090411170119     
   1.48335208333333        2.96470416666667      -0.256769781051032     
   1.48335208333333        3.26097458333333      -0.233437981167902     
   1.48335208333333        3.55724500000000      -0.213639008684127     
   1.48335208333333        3.85351541666667      -0.196387854693779     
   1.48335208333333        4.14978583333333      -0.181100110608072     
   1.48335208333333        4.44605625000000      -0.167526752857866     
   1.48335208333333        4.74232666666667      -0.155507771576211     
   1.48335208333333        5.03859708333333      -0.144893654074005     
   1.48335208333333        5.33486750000000      -0.135503662887165     
   1.48335208333333        5.63113791666667      -0.127146130411670     
   1.48335208333333        5.92740833333333      -0.119636687226939     
   1.48335208333333        6.22367875000000      -0.112789958852141     
   1.48335208333333        6.51994916666667      -0.106432197065749     
   1.48335208333333        6.81621958333333      -0.100498138392855     
   1.48335208333333        7.11249000000000      -9.508931345512431E-002
   1.77962250000000       2.000000000000000E-003 -0.593497744497771     
   1.77962250000000       0.298270416666667      -0.582440148472435     
   1.77962250000000       0.594540833333333      -0.552234911737867     
   1.77962250000000       0.890811250000000      -0.509564937973581     
   1.77962250000000        1.18708166666667      -0.461529265098148     
   1.77962250000000        1.48335208333333      -0.413558429450523     
   1.77962250000000        1.77962250000000      -0.368928467674433     
   1.77962250000000        2.07589291666667      -0.329333101989467     
   1.77962250000000        2.37216333333333      -0.295286104585033     
   1.77962250000000        2.66843375000000      -0.266821894823111     
   1.77962250000000        2.96470416666667      -0.243126347715880     
   1.77962250000000        3.26097458333333      -0.223054878288816     
   1.77962250000000        3.55724500000000      -0.205582738269185     
   1.77962250000000        3.85351541666667      -0.189979273419283     
   1.77962250000000        4.14978583333333      -0.175899033725986     
   1.77962250000000        4.44605625000000      -0.163195328012344     
   1.77962250000000        4.74232666666667      -0.151807512360289     
   1.77962250000000        5.03859708333333      -0.141645624903741     
   1.77962250000000        5.33486750000000      -0.132564380885685     
   1.77962250000000        5.63113791666667      -0.124436027964579     
   1.77962250000000        5.92740833333333      -0.117130579706955     
   1.77962250000000        6.22367875000000      -0.110513671185453     
   1.77962250000000        6.51994916666667      -0.104449422076895     
   1.77962250000000        6.81621958333333      -9.885095126859712E-002
   1.77962250000000        7.11249000000000      -9.370626736604362E-002
   2.07589291666667       2.000000000000000E-003 -0.483886659831641     
   2.07589291666667       0.298270416666667      -0.476986526959292     
   2.07589291666667       0.594540833333333      -0.457708358288850     
   2.07589291666667       0.890811250000000      -0.429572804340512     
   2.07589291666667        1.18708166666667      -0.396602109262845     
   2.07589291666667        1.48335208333333      -0.362364584059103     
   2.07589291666667        1.77962250000000      -0.329333217670809     
   2.07589291666667        2.07589291666667      -0.298934131617421     
   2.07589291666667        2.37216333333333      -0.272279779160472     
   2.07589291666667        2.66843375000000      -0.249514673880668     
   2.07589291666667        2.96470416666667      -0.230058046104224     
   2.07589291666667        3.26097458333333      -0.213010308979274     
   2.07589291666667        3.55724500000000      -0.197652082615924     
   2.07589291666667        3.85351541666667      -0.183592582850964     
   2.07589291666667        4.14978583333333      -0.170663722136041     
   2.07589291666667        4.44605625000000      -0.158795502105169     
   2.07589291666667        4.74232666666667      -0.147992902935109     
   2.07589291666667        5.03859708333333      -0.138249715925876     
   2.07589291666667        5.33486750000000      -0.129490621483353     
   2.07589291666667        5.63113791666667      -0.121623895563435     
   2.07589291666667        5.92740833333333      -0.114568183747272     
   2.07589291666667        6.22367875000000      -0.108220503369811     
   2.07589291666667        6.51994916666667      -0.102453397771421     
   2.07589291666667        6.81621958333333      -9.715488270691669E-002
   2.07589291666667        7.11249000000000      -9.224887674657309E-002
   2.37216333333333       2.000000000000000E-003 -0.404076932606860     
   2.37216333333333       0.298270416666667      -0.399515961271476     
   2.37216333333333       0.594540833333333      -0.386639034118569     
   2.37216333333333       0.890811250000000      -0.367438729334196     
   2.37216333333333        1.18708166666667      -0.344416633158035     
   2.37216333333333        1.48335208333333      -0.319842347805458     
   2.37216333333333        1.77962250000000      -0.295286336075933     
   2.37216333333333        2.07589291666667      -0.272279889272548     
   2.37216333333333        2.37216333333333      -0.251786915752125     
   2.37216333333333        2.66843375000000      -0.233933814892415     
   2.37216333333333        2.96470416666667      -0.218221469748279     
   2.37216333333333        3.26097458333333      -0.203777225587691     
   2.37216333333333        3.55724500000000      -0.190120062440054     
   2.37216333333333        3.85351541666667      -0.177371850663260     
   2.37216333333333        4.14978583333333      -0.165508752853176     
   2.37216333333333        4.44605625000000      -0.154390163916760     
   2.37216333333333        4.74232666666667      -0.144096663216146     
   2.37216333333333        5.03859708333333      -0.134736037215437     
   2.37216333333333        5.33486750000000      -0.126305380463967     
   2.37216333333333        5.63113791666667      -0.118736547917912     
   2.37216333333333        5.92740833333333      -0.111963446905158     
   2.37216333333333        6.22367875000000      -0.105903519803645     
   2.37216333333333        6.51994916666667      -0.100433803818889     
   2.37216333333333        6.81621958333333      -9.541777858057354E-002
   2.37216333333333        7.11249000000000      -9.075143964912576E-002
   2.66843375000000       2.000000000000000E-003 -0.344773564994196     
   2.66843375000000       0.298270416666667      -0.341636998854415     
   2.66843375000000       0.594540833333333      -0.332726995298790     
   2.66843375000000       0.890811250000000      -0.319306783611030     
   2.66843375000000        1.18708166666667      -0.302963646591125     
   2.66843375000000        1.48335208333333      -0.285090836060645     
   2.66843375000000        1.77962250000000      -0.266822215696093     
   2.66843375000000        2.07589291666667      -0.249514871078350     
   2.66843375000000        2.37216333333333      -0.233933907398559     
   2.66843375000000        2.66843375000000      -0.220277327765146     
   2.66843375000000        2.96470416666667      -0.207978761975010     
   2.66843375000000        3.26097458333333      -0.195689534076424     
   2.66843375000000        3.55724500000000      -0.183050751488241     
   2.66843375000000        3.85351541666667      -0.171354996069961     
   2.66843375000000        4.14978583333333      -0.160494180027354     
   2.66843375000000        4.44605625000000      -0.149955569205171     
   2.66843375000000        4.74232666666667      -0.140050358645091     
   2.66843375000000        5.03859708333333      -0.131049540817222     
   2.66843375000000        5.33486750000000      -0.122976181341702     
   2.66843375000000        5.63113791666667      -0.115758742749128     
   2.66843375000000        5.92740833333333      -0.109313318395037     
   2.66843375000000        6.22367875000000      -0.103558890937572     
   2.66843375000000        6.51994916666667      -9.837778442241869E-002
   2.66843375000000        6.81621958333333      -9.362565452877571E-002
   2.66843375000000        7.11249000000000      -8.918575138991913E-002
   2.96470416666667       2.000000000000000E-003 -0.300111050311762     
   2.96470416666667       0.298270416666667      -0.297881689431172     
   2.96470416666667       0.594540833333333      -0.291524436265757     
   2.96470416666667       0.890811250000000      -0.281891452473962     
   2.96470416666667        1.18708166666667      -0.270025132141365     
   2.96470416666667        1.48335208333333      -0.256770258778469     
   2.96470416666667        1.77962250000000      -0.243126716090184     
   2.96470416666667        2.07589291666667      -0.230058305351983     
   2.96470416666667        2.37216333333333      -0.218221648125016     
   2.96470416666667        2.66843375000000      -0.207978871349275     
   2.96470416666667        2.96470416666667      -0.198889005673818     
   2.96470416666667        3.26097458333333      -0.188741103301651     
   2.96470416666667        3.55724500000000      -0.176415251962884     
   2.96470416666667        3.85351541666667      -0.165689031594333     
   2.96470416666667        4.14978583333333      -0.155576103731617     
   2.96470416666667        4.44605625000000      -0.145282235349371     
   2.96470416666667        4.74232666666667      -0.135698654530337     
   2.96470416666667        5.03859708333333      -0.127116770097718     
   2.96470416666667        5.33486750000000      -0.119467267616931     
   2.96470416666667        5.63113791666667      -0.112654218963361     
   2.96470416666667        5.92740833333333      -0.106589760387818     
   2.96470416666667        6.22367875000000      -0.101161892713696     
   2.96470416666667        6.51994916666667      -9.627058432770544E-002
   2.96470416666667        6.81621958333333      -9.177497644559018E-002
   2.96470416666667        7.11249000000000      -8.755775854147223E-002
   3.26097458333333       2.000000000000000E-003 -0.265765467279347     
   3.26097458333333       0.298270416666667      -0.264125036362385     
   3.26097458333333       0.594540833333333      -0.259433960159488     
   3.26097458333333       0.890811250000000      -0.252298247586585     
   3.26097458333333        1.18708166666667      -0.243438100059964     
   3.26097458333333        1.48335208333333      -0.233438441631298     
   3.26097458333333        1.77962250000000      -0.223055246796003     
   3.26097458333333        2.07589291666667      -0.213010603602675     
   3.26097458333333        2.37216333333333      -0.203777483907872     
   3.26097458333333        2.66843375000000      -0.195689777294804     
   3.26097458333333        2.96470416666667      -0.188741306666261     
   3.26097458333333        3.26097458333333      -0.181011741121142     
   3.26097458333333        3.55724500000000      -0.169680125041981     
   3.26097458333333        3.85351541666667      -0.160200667474033     
   3.26097458333333        4.14978583333333      -0.149906249752244     
   3.26097458333333        4.44605625000000      -0.139841236915752     
   3.26097458333333        4.74232666666667      -0.130897366105460     
   3.26097458333333        5.03859708333333      -0.122941778956430     
   3.26097458333333        5.33486750000000      -0.115807788712763     
   3.26097458333333        5.63113791666667      -0.109434229325915     
   3.26097458333333        5.92740833333333      -0.103767481924217     
   3.26097458333333        6.22367875000000      -9.867473552434085E-002
   3.26097458333333        6.51994916666667      -9.407137075663194E-002
   3.26097458333333        6.81621958333333      -8.982803618449181E-002
   3.26097458333333        7.11249000000000      -8.583389946566312E-002
   3.55724500000000       2.000000000000000E-003 -0.238468528515452     
   3.55724500000000       0.298270416666667      -0.237218820347431     
   3.55724500000000       0.594540833333333      -0.233637607598220     
   3.55724500000000       0.890811250000000      -0.228176421256300     
   3.55724500000000        1.18708166666667      -0.221365609574976     
   3.55724500000000        1.48335208333333      -0.213639393318264     
   3.55724500000000        1.77962250000000      -0.205583061292059     
   3.55724500000000        2.07589291666667      -0.197652376424253     
   3.55724500000000        2.37216333333333      -0.190120366127037     
   3.55724500000000        2.66843375000000      -0.183051076265814     
   3.55724500000000        2.96470416666667      -0.176415572836944     
   3.55724500000000        3.26097458333333      -0.169680321901656     
   3.55724500000000        3.55724500000000      -0.160998450438688     
   3.55724500000000        3.85351541666667      -0.152497642613705     
   3.55724500000000        4.14978583333333      -0.142299601553903     
   3.55724500000000        4.44605625000000      -0.133592493247733     
   3.55724500000000        4.74232666666667      -0.125846014880656     
   3.55724500000000        5.03859708333333      -0.118690025014300     
   3.55724500000000        5.33486750000000      -0.112103383392692     
   3.55724500000000        5.63113791666667      -0.106144599911477     
   3.55724500000000        5.92740833333333      -0.100848737157948     
   3.55724500000000        6.22367875000000      -9.607530208539884E-002
   3.55724500000000        6.51994916666667      -9.174831268730343E-002
   3.55724500000000        6.81621958333333      -8.775005910241747E-002
   3.55724500000000        7.11249000000000      -8.397938084851515E-002
   3.85351541666667       2.000000000000000E-003 -0.215959299250294     
   3.85351541666667       0.298270416666667      -0.214977501367710     
   3.85351541666667       0.594540833333333      -0.212161604315666     
   3.85351541666667       0.890811250000000      -0.207861065359078     
   3.85351541666667        1.18708166666667      -0.202488127124924     
   3.85351541666667        1.48335208333333      -0.196388131679878     
   3.85351541666667        1.77962250000000      -0.189979519556405     
   3.85351541666667        2.07589291666667      -0.183592832690395     
   3.85351541666667        2.37216333333333      -0.177372135887976     
   3.85351541666667        2.66843375000000      -0.171355292765917     
   3.85351541666667        2.96470416666667      -0.165689242893002     
   3.85351541666667        3.26097458333333      -0.160200679552313     
   3.85351541666667        3.55724500000000      -0.152497458121788     
   3.85351541666667        3.85351541666667      -0.143730345822469     
   3.85351541666667        4.14978583333333      -0.134830960659601     
   3.85351541666667        4.44605625000000      -0.127683807440703     
   3.85351541666667        4.74232666666667      -0.121023924347402     
   3.85351541666667        5.03859708333333      -0.114560730957238     
   3.85351541666667        5.33486750000000      -0.108441078096793     
   3.85351541666667        5.63113791666667      -0.102843480991707     
   3.85351541666667        5.92740833333333      -9.785862826880454E-002
   3.85351541666667        6.22367875000000      -9.337358337244134E-002
   3.85351541666667        6.51994916666667      -8.930513176168400E-002
   3.85351541666667        6.81621958333333      -8.554222084632065E-002
   3.85351541666667        7.11249000000000      -8.199377464104667E-002
   4.14978583333333       2.000000000000000E-003 -0.196875592232846     
   4.14978583333333       0.298270416666667      -0.196086143307407     
   4.14978583333333       0.594540833333333      -0.193821056670774     
   4.14978583333333       0.890811250000000      -0.190356982672575     
   4.14978583333333        1.18708166666667      -0.186024727386321     
   4.14978583333333        1.48335208333333      -0.181100289625282     
   4.14978583333333        1.77962250000000      -0.175899195985661     
   4.14978583333333        2.07589291666667      -0.170663894788598     
   4.14978583333333        2.37216333333333      -0.165508959617928     
   4.14978583333333        2.66843375000000      -0.160494383651657     
   4.14978583333333        2.96470416666667      -0.155576193259574     
   4.14978583333333        3.26097458333333      -0.149906104108506     
   4.14978583333333        3.55724500000000      -0.142299251190994     
   4.14978583333333        3.85351541666667      -0.134830710069854     
   4.14978583333333        4.14978583333333      -0.128410129701785     
   4.14978583333333        4.44605625000000      -0.122459526019912     
   4.14978583333333        4.74232666666667      -0.116504885667755     
   4.14978583333333        5.03859708333333      -0.110549258564232     
   4.14978583333333        5.33486750000000      -0.104816130990541     
   4.14978583333333        5.63113791666667      -9.953145353327794E-002
   4.14978583333333        5.92740833333333      -9.482557196924325E-002
   4.14978583333333        6.22367875000000      -9.060858115975916E-002
   4.14978583333333        6.51994916666667      -8.678461792603716E-002
   4.14978583333333        6.81621958333333      -8.324881853754604E-002
   4.14978583333333        7.11249000000000      -7.992040347669081E-002
   4.44605625000000       2.000000000000000E-003 -0.180503324495811     
   4.44605625000000       0.298270416666667      -0.179856562573068     
   4.44605625000000       0.594540833333333      -0.177998864237261     
   4.44605625000000       0.890811250000000      -0.175150993932422     
   4.44605625000000        1.18708166666667      -0.171582490980839     
   4.44605625000000        1.48335208333333      -0.167526873457620     
   4.44605625000000        1.77962250000000      -0.163195428438213     
   4.44605625000000        2.07589291666667      -0.158795593435875     
   4.44605625000000        2.37216333333333      -0.154390266478812     
   4.44605625000000        2.66843375000000      -0.149955657664838     
   4.44605625000000        2.96470416666667      -0.145282234729663     
   4.44605625000000        3.26097458333333      -0.139841071639886     
   4.44605625000000        3.55724500000000      -0.133592190391772     
   4.44605625000000        3.85351541666667      -0.127683531721523     
   4.44605625000000        4.14978583333333      -0.122459400221796     
   4.44605625000000        4.44605625000000      -0.117310164254281     
   4.44605625000000        4.74232666666667      -0.111943060010428     
   4.44605625000000        5.03859708333333      -0.106469996682751     
   4.44605625000000        5.33486750000000      -0.101131416842989     
   4.44605625000000        5.63113791666667      -9.618420431638552E-002
   4.44605625000000        5.92740833333333      -9.177703648876591E-002
   4.44605625000000        6.22367875000000      -8.783180125368538E-002
   4.44605625000000        6.51994916666667      -8.424926130622616E-002
   4.44605625000000        6.81621958333333      -8.093847839081801E-002
   4.44605625000000        7.11249000000000      -7.782921220965391E-002
   4.74232666666667       2.000000000000000E-003 -0.166460811228444     
   4.74232666666667       0.298270416666667      -0.165919095895347     
   4.74232666666667       0.594540833333333      -0.164359681438570     
   4.74232666666667       0.890811250000000      -0.161960154728660     
   4.74232666666667        1.18708166666667      -0.158942558507946     
   4.74232666666667        1.48335208333333      -0.155507882633787     
   4.74232666666667        1.77962250000000      -0.151807591323327     
   4.74232666666667        2.07589291666667      -0.147992938855156     
   4.74232666666667        2.37216333333333      -0.144096677928311     
   4.74232666666667        2.66843375000000      -0.140050348881248     
   4.74232666666667        2.96470416666667      -0.135698586937407     
   4.74232666666667        3.26097458333333      -0.130897209203575     
   4.74232666666667        3.55724500000000      -0.125845788852565     
   4.74232666666667        3.85351541666667      -0.121023709126804     
   4.74232666666667        4.14978583333333      -0.116504753702819     
   4.74232666666667        4.44605625000000      -0.111943016472175     
   4.74232666666667        4.74232666666667      -0.107146092588103     
   4.74232666666667        5.03859708333333      -0.102199102644779     
   4.74232666666667        5.33486750000000      -9.732187980675690E-002
   4.74232666666667        5.63113791666667      -9.279699743105702E-002
   4.74232666666667        5.92740833333333      -8.874411143165133E-002
   4.74232666666667        6.22367875000000      -8.508655568938103E-002
   4.74232666666667        6.51994916666667      -8.175213467302711E-002
   4.74232666666667        6.81621958333333      -7.867279252566407E-002
   4.74232666666667        7.11249000000000      -7.578687653311833E-002
   5.03859708333333       2.000000000000000E-003 -0.154450935445256     
   5.03859708333333       0.298270416666667      -0.153983550080930     
   5.03859708333333       0.594540833333333      -0.152631115434935     
   5.03859708333333       0.890811250000000      -0.150541544570577     
   5.03859708333333        1.18708166666667      -0.147903740657924     
   5.03859708333333        1.48335208333333      -0.144893781315008     
   5.03859708333333        1.77962250000000      -0.141645721015081     
   5.03859708333333        2.07589291666667      -0.138249738579493     
   5.03859708333333        2.37216333333333      -0.134736005459280     
   5.03859708333333        2.66843375000000      -0.131049477194820     
   5.03859708333333        2.96470416666667      -0.127116677355997     
   5.03859708333333        3.26097458333333      -0.122941654244748     
   5.03859708333333        3.55724500000000      -0.118689883434100     
   5.03859708333333        3.85351541666667      -0.114560608468759     
   5.03859708333333        4.14978583333333      -0.110549186664644     
   5.03859708333333        4.44605625000000      -0.106469975663503     
   5.03859708333333        4.74232666666667      -0.102199105996777     
   5.03859708333333        5.03859708333333      -9.779075150761012E-002
   5.03859708333333        5.33486750000000      -9.344791500949658E-002
   5.03859708333333        5.63113791666667      -8.942967250957300E-002
   5.03859708333333        5.92740833333333      -8.575167498751290E-002
   5.03859708333333        6.22367875000000      -8.238797906664945E-002
   5.03859708333333        6.51994916666667      -7.931081314163546E-002
   5.03859708333333        6.81621958333333      -7.648534684542369E-002
   5.03859708333333        7.11249000000000      -7.383791414013996E-002
   5.33486750000000       2.000000000000000E-003 -0.144149438812093     
   5.33486750000000       0.298270416666667      -0.143731926275776     
   5.33486750000000       0.594540833333333      -0.142514430435706     
   5.33486750000000       0.890811250000000      -0.140624068108685     
   5.33486750000000        1.18708166666667      -0.138231122389723     
   5.33486750000000        1.48335208333333      -0.135503800661407     
   5.33486750000000        1.77962250000000      -0.132564496152335     
   5.33486750000000        2.07589291666667      -0.129490674171214     
   5.33486750000000        2.37216333333333      -0.126305353172839     
   5.33486750000000        2.66843375000000      -0.122976110585874     
   5.33486750000000        2.96470416666667      -0.119467186366926     
   5.33486750000000        3.26097458333333      -0.115807714547438     
   5.33486750000000        3.55724500000000      -0.112103327583712     
   5.33486750000000        3.85351541666667      -0.108441050241372     
   5.33486750000000        4.14978583333333      -0.104816133514729     
   5.33486750000000        4.44605625000000      -0.101131439499172     
   5.33486750000000        4.74232666666667      -9.732190475561718E-002
   5.33486750000000        5.03859708333333      -9.344792966850365E-002
   5.33486750000000        5.33486750000000      -8.969370784771673E-002
   5.33486750000000        5.63113791666667      -8.613662157368088E-002
   5.33486750000000        5.92740833333333      -8.280475119799072E-002
   5.33486750000000        6.22367875000000      -7.975696093025850E-002
   5.33486750000000        6.51994916666667      -7.698735035619400E-002
   5.33486750000000        6.81621958333333      -7.444272182932762E-002
   5.33486750000000        7.11249000000000      -7.203954812176123E-002
   5.63113791666667       2.000000000000000E-003 -0.135306821942055     
   5.63113791666667       0.298270416666667      -0.134913880755808     
   5.63113791666667       0.594540833333333      -0.133753473735475     
   5.63113791666667       0.890811250000000      -0.131949122563164     
   5.63113791666667        1.18708166666667      -0.129688187230910     
   5.63113791666667        1.48335208333333      -0.127146255680717     
   5.63113791666667        1.77962250000000      -0.124436148711197     
   5.63113791666667        2.07589291666667      -0.121623976107886     
   5.63113791666667        2.37216333333333      -0.118736571158626     
   5.63113791666667        2.66843375000000      -0.115758718224780     
   5.63113791666667        2.96470416666667      -0.112654176858832     
   5.63113791666667        3.26097458333333      -0.109434204952687     
   5.63113791666667        3.55724500000000      -0.106144606107410     
   5.63113791666667        3.85351541666667      -0.102843515432814     
   5.63113791666667        4.14978583333333      -9.953150459186767E-002
   5.63113791666667        4.44605625000000      -9.618425820648294E-002
   5.63113791666667        4.74232666666667      -9.279704322532266E-002
   5.63113791666667        5.03859708333333      -8.942970320688362E-002
   5.63113791666667        5.33486750000000      -8.613663437693234E-002
   5.63113791666667        5.63113791666667      -8.295652989512455E-002
   5.63113791666667        5.92740833333333      -7.999036940979758E-002
   5.63113791666667        6.22367875000000      -7.728405243077401E-002
   5.63113791666667        6.51994916666667      -7.483599737518784E-002
   5.63113791666667        6.81621958333333      -7.258245498190274E-002
   5.63113791666667        7.11249000000000      -7.041005936154589E-002
   5.92740833333333       2.000000000000000E-003 -0.127704341995336     
   5.92740833333333       0.298270416666667      -0.127314927368867     
   5.92740833333333       0.594540833333333      -0.126124008729328     
   5.92740833333333       0.890811250000000      -0.124277470398988     
   5.92740833333333        1.18708166666667      -0.122049531329628     
   5.92740833333333        1.48335208333333      -0.119636799275560     
   5.92740833333333        1.77962250000000      -0.117130700209700     
   5.92740833333333        2.07589291666667      -0.114568286372479     
   5.92740833333333        2.37216333333333      -0.111963514414224     
   5.92740833333333        2.66843375000000      -0.109313357344280     
   5.92740833333333        2.96470416666667      -0.106589791028653     
   5.92740833333333        3.26097458333333      -0.103767524475573     
   5.92740833333333        3.55724500000000      -0.100848800906767     
   5.92740833333333        3.85351541666667      -9.785870905423830E-002
   5.92740833333333        4.14978583333333      -9.482565786350296E-002
   5.92740833333333        4.44605625000000      -9.177711536184406E-002
   5.92740833333333        4.74232666666667      -8.874417485047929E-002
   5.92740833333333        5.03859708333333      -8.575171753439305E-002
   5.92740833333333        5.33486750000000      -8.280476788866491E-002
   5.92740833333333        5.63113791666667      -7.999036545998345E-002
   5.92740833333333        5.92740833333333      -7.737894283767183E-002
   5.92740833333333        6.22367875000000      -7.500423886870267E-002
   5.92740833333333        6.51994916666667      -7.287246740925540E-002
   5.92740833333333        6.81621958333333      -7.090914053235614E-002
   5.92740833333333        7.11249000000000      -6.894294670925530E-002
   6.22367875000000       2.000000000000000E-003 -0.121114149426362     
   6.22367875000000       0.298270416666667      -0.120709150376859     
   6.22367875000000       0.594540833333333      -0.119342520163064     
   6.22367875000000       0.890811250000000      -0.117301722195248     
   6.22367875000000        1.18708166666667      -0.115058447794540     
   6.22367875000000        1.48335208333333      -0.112790078575392     
   6.22367875000000        1.77962250000000      -0.110513809782880     
   6.22367875000000        2.07589291666667      -0.108220633819107     
   6.22367875000000        2.37216333333333      -0.105903627293475     
   6.22367875000000        2.66843375000000      -0.103558982732014     
   6.22367875000000        2.96470416666667      -0.101161983546643     
   6.22367875000000        3.26097458333333      -9.867483687479930E-002
   6.22367875000000        3.55724500000000      -9.607541557382122E-002
   6.22367875000000        3.85351541666667      -9.337370095918701E-002
   6.22367875000000        4.14978583333333      -9.060869120199160E-002
   6.22367875000000        4.44605625000000      -8.783189486662651E-002
   6.22367875000000        4.74232666666667      -8.508662867027721E-002
   6.22367875000000        5.03859708333333      -8.238802812252936E-002
   6.22367875000000        5.33486750000000      -7.975697304230144E-002
   6.22367875000000        5.63113791666667      -7.728404388989832E-002
   6.22367875000000        5.92740833333333      -7.500423928997683E-002
   6.22367875000000        6.22367875000000      -7.294287511018399E-002
   6.22367875000000        6.51994916666667      -7.110709638123673E-002
   6.22367875000000        6.81621958333333      -6.940932177236819E-002
   6.22367875000000        7.11249000000000      -6.760101592634170E-002
   6.51994916666667       2.000000000000000E-003 -0.115169039932241     
   6.51994916666667       0.298270416666667      -0.114707378898283     
   6.51994916666667       0.594540833333333      -0.112865686092858     
   6.51994916666667       0.890811250000000      -0.110567186667650     
   6.51994916666667        1.18708166666667      -0.108437371048736     
   6.51994916666667        1.48335208333333      -0.106432343680115     
   6.51994916666667        1.77962250000000      -0.104449600342212     
   6.51994916666667        2.07589291666667      -0.102453569494495     
   6.51994916666667        2.37216333333333      -0.100433947594884     
   6.51994916666667        2.66843375000000      -9.837791555230443E-002
   6.51994916666667        2.96470416666667      -9.627071639374923E-002
   6.51994916666667        3.26097458333333      -9.407150990206370E-002
   6.51994916666667        3.55724500000000      -9.174845521331640E-002
   6.51994916666667        3.85351541666667      -8.930526714049597E-002
   6.51994916666667        4.14978583333333      -8.678473586207247E-002
   6.51994916666667        4.44605625000000      -8.424935720870605E-002
   6.51994916666667        4.74232666666667      -8.175220989546773E-002
   6.51994916666667        5.03859708333333      -7.931086886639677E-002
   6.51994916666667        5.33486750000000      -7.698737096243527E-002
   6.51994916666667        5.63113791666667      -7.483601502455123E-002
   6.51994916666667        5.92740833333333      -7.287251069021818E-002
   6.51994916666667        6.22367875000000      -7.110715323521551E-002
   6.51994916666667        6.51994916666667      -6.951602884172849E-002
   6.51994916666667        6.81621958333333      -6.799986134454909E-002
   6.51994916666667        7.11249000000000      -6.629368833460833E-002
   6.81621958333333       2.000000000000000E-003 -0.109007236163610     
   6.81621958333333       0.298270416666667      -0.108268142204562     
   6.81621958333333       0.594540833333333      -0.105786518638639     
   6.81621958333333       0.890811250000000      -0.103735550292738     
   6.81621958333333        1.18708166666667      -0.102091862496385     
   6.81621958333333        1.48335208333333      -0.100498318604091     
   6.81621958333333        1.77962250000000      -9.885117388245107E-002
   6.81621958333333        2.07589291666667      -9.715509667456969E-002
   6.81621958333333        2.37216333333333      -9.541795097849136E-002
   6.81621958333333        2.66843375000000      -9.362580923391005E-002
   6.81621958333333        2.96470416666667      -9.177512925853322E-002
   6.81621958333333        3.26097458333333      -8.982819133210804E-002
   6.81621958333333        3.55724500000000      -8.775021058091738E-002
   6.81621958333333        3.85351541666667      -8.554235756957665E-002
   6.81621958333333        4.14978583333333      -8.324893245697802E-002
   6.81621958333333        4.44605625000000      -8.093856921758583E-002
   6.81621958333333        4.74232666666667      -7.867286733024491E-002
   6.81621958333333        5.03859708333333      -7.648541212435940E-002
   6.81621958333333        5.33486750000000      -7.444277305992805E-002
   6.81621958333333        5.63113791666667      -7.258253339780324E-002
   6.81621958333333        5.92740833333333      -7.090927289810556E-002
   6.81621958333333        6.22367875000000      -6.940950373976225E-002
   6.81621958333333        6.51994916666667      -6.800003942139467E-002
   6.81621958333333        6.81621958333333      -6.641601414146674E-002
   6.81621958333333        7.11249000000000      -6.475089954127017E-002
   7.11249000000000       2.000000000000000E-003 -0.102153091795635     
   7.11249000000000       0.298270416666667      -0.101071055781622     
   7.11249000000000       0.594540833333333      -9.888217300446003E-002
   7.11249000000000       0.890811250000000      -9.750875836817220E-002
   7.11249000000000        1.18708166666667      -9.635312750252713E-002
   7.11249000000000        1.48335208333333      -9.508951931650889E-002
   7.11249000000000        1.77962250000000      -9.370651685853176E-002
   7.11249000000000        2.07589291666667      -9.224911602980033E-002
   7.11249000000000        2.37216333333333      -9.075162614045196E-002
   7.11249000000000        2.66843375000000      -8.918591432474550E-002
   7.11249000000000        2.96470416666667      -8.755791568116096E-002
   7.11249000000000        3.26097458333333      -8.583405502058344E-002
   7.11249000000000        3.55724500000000      -8.397952899569470E-002
   7.11249000000000        3.85351541666667      -8.199390538514978E-002
   7.11249000000000        4.14978583333333      -7.992051096385873E-002
   7.11249000000000        4.44605625000000      -7.782929869561644E-002
   7.11249000000000        4.74232666666667      -7.578695203052543E-002
   7.11249000000000        5.03859708333333      -7.383799077934004E-002
   7.11249000000000        5.33486750000000      -7.203963397370348E-002
   7.11249000000000        5.63113791666667      -7.041019780980699E-002
   7.11249000000000        5.92740833333333      -6.894316089031013E-002
   7.11249000000000        6.22367875000000      -6.760130698102168E-002
   7.11249000000000        6.51994916666667      -6.629402415012536E-002
   7.11249000000000        6.81621958333333      -6.475110062700284E-002
   7.11249000000000        7.11249000000000      -6.274113421418454E-002
